g pcie_spec_1p0_compliance                m:1     0
  0 spec_1p0a !
  1 spec_1p1
g vc_enable                               b-:7    1 2 3 4 5 6 7
g slot_register_en                        b-      9
g pcie_mode                               m:4     12 13 14 15
  0 ep_native !
  1 ep_legacy
  4 rp
  5 sw_up
  6 sw_dn
  7 bridge
  e switch_mode
  f shared_mode
g bypass_cdc                              b-      23
g cdc_clk_relation                        m:1     24
  0 plesiochronous !
  1 mesochronous
g enable_rx_reordering                    b-      26
g enable_rx_buffer_checking               b-      27
g single_rx_detect_data                   r-:4    28 29 30 31
g use_crc_forwarding                      b-      32
g bypass_tl                               b-      33
g gen12_lane_rate_mode                    m:1     34
  0 gen1 !
  1 gen1_gen2
g lane_mask                               m:8     35 36 37 38 39 40 41 42 
  00 x8 !
  f0 x1
  fc x2
  fe x4
g disable_link_x2_support                 b-      43
g national_inst_thru_enhance              b-      44
g disable_tag_check                       b-      45
g multi_function                          n:7     16 17 18 19 20 21 22
  00 1 !
  01 2
  03 3
  07 4
  0f 5
  1f 6
  3f 7
  7f 8
g port_link_number_data                   r-:8    64 65 66 67 68 69 70 71
g device_number_data                      r-:5    75 76 77 78 79
g core_clk_out_sel                        m:1     80
  0 div_1 !
  1 div_2
g core_clk_divider                        n:3     81 82 83
  0 4 !
  1 8
  3 16
  5 1
  7 2
g core_clk_source                         m:2     84 85
  0 pll_fixed_clk !
  1 core_clk_in
  2 pclk_in
g enable_ch0_pclk_out                     m:1     86
  0 pclk_central !
  1 pclk_ch01
g enable_ch01_pclk_out                    m:1     88
  0 pclk_ch0 !
  1 pclk_ch1
g pipex1_debug_sel                        b-      87
g pclk_out_sel                            m:1     105
  0 core_clk_en !
  1 pclk_out
i vendor_id_data                          r-:16
  * 128 129 130 131 132 133 134 135 136 137 138 139 140 141 142 143
  * 1792 1793 1794 1795 1796 1797 1798 1799 1800 1801 1802 1803 1804 1805 1806 1807
  * 2192 2193 2194 2195 2196 2197 2198 2199 2200 2201 2202 2203 2204 2205 2206 2207
  * 2576 2577 2578 2579 2580 2581 2582 2583 2584 2585 2586 2587 2588 2589 2590 2591
  * 2960 2961 2962 2963 2964 2965 2966 2967 2968 2969 2970 2971 2972 2973 2974 2975
  * 3360 3361 3362 3363 3364 3365 3366 3367 3368 3369 3370 3371 3372 3373 3374 3375
  * 3744 3745 3746 3747 3748 3749 3750 3751 3752 3753 3754 3755 3756 3757 3758 3759
  * 4128 4129 4130 4131 4132 4133 4134 4135 4136 4137 4138 4139 4140 4141 4142 4143
i device_id_data                          r-:16
  * 144 145 146 147 148 149 150 151 152 153 154 155 156 157 158 159
  * 1808 1809 1810 1811 1812 1813 1814 1815 1816 1817 1818 1819 1820 1821 1822 1823
  * 2208 2209 2210 2211 2212 2213 2214 2215 2216 2217 2218 2219 2220 2221 2222 2223
  * 2592 2593 2594 2595 2596 2597 2598 2599 2600 2601 2602 2603 2604 2605 2606 2607
  * 2976 2977 2978 2979 2980 2981 2982 2983 2984 2985 2986 2987 2988 2989 2990 2991
  * 3376 3377 3378 3379 3380 3381 3382 3383 3384 3385 3386 3387 3388 3389 3390 3391
  * 3760 3761 3762 3763 3764 3765 3766 3767 3768 3769 3770 3771 3772 3773 3774 3775
  * 4160 4161 4162 4163 4164 4165 4166 4167 4168 4169 4170 4171 4172 4173 4174 4175
i revision_id_data                        r-:8
  * 160 161 162 163 164 165 166 167
  * 1824 1825 1826 1827 1828 1829 1830 1831
  * 2224 2225 2226 2227 2228 2229 2230 2231
  * 2608 2609 2610 2611 2612 2613 2614 2615
  * 2992 2993 2994 2995 2996 2997 2998 2999
  * 3392 3393 3394 3395 3396 3397 3398 3399
  * 3776 3777 3778 3779 3780 3781 3782 3783
  * 4176 4177 4178 4179 4180 4181 4182 4183
i class_code_data                         r-:24
  * 168 169 170 171 172 173 174 175 176 177 178 179 180 181 182 183 184 185 186 187 188 189 190 191
  * 1832 1833 1834 1835 1836 1837 1838 1839 1840 1841 1842 1843 1844 1845 1846 1847 1848 1849 1850 1851 1852 1853 1854 1855
  * 2232 2233 2234 2235 2236 2237 2238 2239 2240 2241 2242 2243 2244 2245 2246 2247 2248 2249 2250 2251 2252 2253 2254 2255
  * 2616 2617 2618 2619 2620 2621 2622 2623 2624 2625 2626 2627 2628 2629 2630 2631 2632 2633 2634 2635 2636 2637 2638 2639
  * 3000 3001 3002 3003 3004 3005 3006 3007 3008 3009 3010 3011 3012 3013 3014 3015 3016 3017 3018 3019 3020 3021 3022 3023
  * 3400 3401 3402 3403 3404 3405 3406 3407 3408 3409 3410 3411 3412 3413 3414 3415 3416 3417 3418 3419 3420 3421 3422 3423
  * 3784 3785 3786 3787 3788 3789 3790 3791 3792 3793 3794 3795 3796 3797 3798 3799 3800 3801 3802 3803 3804 3805 3806 3807
  * 4184 4185 4186 4187 4188 4189 4190 4191 4192 4193 4194 4195 4196 4197 4198 4199 4200 4201 4202 4203 4204 4205 4206 4207
i subsystem_vendor_id_data_0              r-:16
  * 192 193 194 195 196 197 198 199 200 201 202 203 204 205 206 207
  * 1856 1857 1858 1859 1860 1861 1862 1863 1864 1865 1866 1867 1868 1869 1870 1871
  * 2256 2257 2258 2259 2260 2261 2262 2263 2264 2265 2266 2267 2268 2269 2270 2271
  * 2640 2641 2642 2643 2644 2645 2646 2647 2648 2649 2650 2651 2652 2653 2654 2655
  * 3024 3025 3026 3027 3028 3029 3030 3031 3032 3033 3034 3035 3036 3037 3038 3039
  * 3424 3425 3426 3427 3428 3429 3430 3431 3432 3433 3434 3435 3436 3437 3438 3439
  * 3808 3809 3810 3811 3812 3813 3814 3815 3816 3817 3818 3819 3820 3821 3822 3823
  * 4208 4209 4210 4211 4212 4213 4214 4215 4216 4217 4218 4219 4220 4221 4222 4223
i subsystem_device_id_data_0              r-:16
  * 208 209 210 211 212 213 214 215 216 217 218 219 220 221 222 223
  * 1872 1873 1874 1875 1876 1877 1878 1879 1880 1881 1882 1883 1884 1885 1886 1887
  * 2272 2273 2274 2275 2276 2277 2278 2279 2280 2281 2282 2283 2284 2285 2286 2287
  * 2656 2657 2658 2659 2660 2661 2662 2663 2664 2665 2666 2667 2668 2669 2670 2671
  * 3040 3041 3042 3043 3044 3045 3046 3047 3048 3049 3050 3051 3052 3053 3054 3055
  * 3440 3441 3442 3443 3444 3445 3446 3447 3448 3449 3450 3451 3452 3453 3454 3455
  * 3824 3825 3826 3827 3828 3829 3830 3831 3832 3833 3834 3835 3836 3837 3838 3839
  * 4224 4225 4226 4227 4228 4229 4230 4231 4232 4233 4234 4235 4236 4237 4238 4239
i no_soft_reset                           b-      224 | 1888 | 2288 | 2672 | 3056 | 3456 | 3840 | 4240
i intel_id_access                         b-      225 | 1889 | 2289 | 2673 | 3057 | 3457 | 3841 | 4241
i device_specific_init                    b-      229 | 1893 | 2293 | 2677 | 3061 | 3461 | 3845 | 4245
i maximum_current_data                    r-:3
  * 230 231 232
  * 1894 1895 1896
  * 2294 2295 2296
  * 2678 2679 2680
  * 3062 3063 3064
  * 3462 3463 3464
  * 3846 3847 3848
  * 4246 4247 4248
i d1_support                              b-      233 | 1897 | 2297 | 2681 | 3065 | 3465 | 3849 | 4249
i d2_support                              b-      234 | 1898 | 2298 | 2682 | 3066 | 3466 | 3850 | 4250
i d0_pme                                  b-      235 | 1899 | 2299 | 2683 | 3067 | 3467 | 3851 | 4251
i d1_pme                                  b-      236 | 1900 | 2300 | 2684 | 3068 | 3468 | 3852 | 4252
i d2_pme                                  b-      237 | 1901 | 2301 | 2685 | 3069 | 3469 | 3853 | 4253
i d3_hot_pme                              b-      238 | 1902 | 2302 | 2686 | 3070 | 3470 | 3854 | 4254
i d3_cold_pme                             b-      239 | 1903 | 2303 | 2687 | 3071 | 3471 | 3855 | 4255
i use_aer                                 b-      240 | 1904 | 2304 | 2688 | 3072 | 3472 | 3856 | 4256
i low_priority_vc                         b-:3
  * 241 242 243
  * 1905 1906 1907
  * 2305 2306 2307
  * 2689 2690 2691
  * 3073 3074 3075
  * 3473 3474 3475
  * 3857 3858 3859
  * 4257 4258 4259
i vc_arbitration                          b-:4
  * 244 245 246 247
  * 1908 1909 1910 1911
  * 2308 2309 2310 2311
  * 2692 2693 2694 2695
  * 3076 3077 3078 3079
  * 3476 3477 3478 3479
  * 3860 3861 3862 3863
  * 4260 4261 4262 4263
i disable_snoop_packet                    b-      248 | 1912 | 2312 | 2696 | 3080 | 3480 | 3864 | 4264
i max_payload_size                        n:3
  * 256 257 258
  * 1920 1921 1922
  * 2320 2321 2322
  * 2704 2705 2706
  * 3088 3089 3090
  * 3488 3489 3490
  * 3872 3873 3874
  * 4272 4273 4274
  0 128 !
  1 256
  2 512
i surprise_down_error_support             b-      259 | 1923 | 2323 | 2707 | 3091 | 3491 | 3875 | 4275
i dll_active_report_support               b-      260 | 1924 | 2324 | 2708 | 3092 | 3492 | 3876 | 4276
i extend_tag_field                        b-      261 | 1925 | 2325 | 2709 | 3093 | 3493 | 3877 | 4277
i endpoint_l0_latency_data                r-:3
  * 262 263 264
  * 1926 1927 1928
  * 2326 2327 2328
  * 2710 2711 2712
  * 3094 3095 3096
  * 3494 3495 3496
  * 3878 3879 3880
  * 4278 4279 4280
i endpoint_l1_latency_data                r-:3
  * 265 266 267
  * 1929 1930 1931
  * 2329 2330 2331
  * 2713 2714 2715
  * 3097 3098 3099
  * 3497 3498 3499
  * 3881 3882 3883
  * 4281 4282 4283
i indicator_data                          r-:3
  * 268 269 270
  * 1929 1930 1931
  * 2332 2333 2334
  * 2716 2717 2718
  * 3100 3101 3102
  * 3500 3501 3502
  * 3884 3885 3886
  * 4284 4285 4286
i role_based_error_reporting              b-      271 | 1935 | 2335 | 2719 | 3103 | 3503 | 3887 | 4287
i slot_power_scale_data                   r-:2
  * 272 273
  * 1936 1937
  * 2336 2337
  * 2720 2721
  * 3120 3121
  * 3504 3505
  * 3888 3889
  * 4288 4289
i max_link_width                          m:6
  * 274 275 276 277 278 279
  * 1938 1939 1940 1941 1942 1943
  * 2338 2339 2340 2341 2342 2343
  * 2722 2723 2724 2725 2726 2727
  * 3122 3123 3124 3125 3126 3127
  * 3506 3507 3508 3509 3510 3511
  * 3890 3891 3892 3893 3894 3895
  * 4290 4291 4292 4293 4294 4295
  00 disabled !
  01 x4
  02 x2
  04 x1
  08 x8
i enable_l1_aspm                          b-      281 | 1945 | 2345 | 2729 | 3129 | 3513 | 3897 | 4297
i enable_l0s_aspm                         b-      280 | 1944 | 2344 | 2728 | 3128 | 3512 | 3896 | 4296
i l1_exit_latency_sameclock_data          r-:3
  * 282 283 284
  * 1946 1947 1948
  * 2346 2347 2348
  * 2730 2731 2732
  * 3130 3131 3132
  * 3514 3515 3516
  * 3898 3899 3900
  * 4298 4299 4300
i l1_exit_latency_diffclock_data          r-:3
  * 285 286 287
  * 1949 1950 1951
  * 2349 2350 2351
  * 2733 2734 2735
  * 3133 3134 3135
  * 3517 3518 3519
  * 3901 3902 3903
  * 4301 4302 4303
i hot_plug_support_data                   r-:7
  * 288 289 290 291 292 293 294
  * 1952 1953 1954 1955 1956 1957 1958
  * 2352 2353 2354 2355 2356 2357 2358
  * 2736 2737 2738 2739 2740 2741 2742
  * 3136 3137 3138 3139 3140 3141 3142
  * 3520 3521 3522 3523 3524 3525 3526
  * 3904 3905 3906 3907 3908 3909 3910
  * 4304 4305 4306 4307 4308 4309 4310
i slot_power_limit_data                   r-:8
  * 298 299 300 301 302 303 304 305
  * 1962 1963 1964 1965 1966 1967 1968 1969
  * 2362 2363 2364 2365 2366 2367 2368 2369
  * 2746 2747 2748 2749 2750 2751 2752 2753
  * 3146 3147 3148 3149 3150 3151 3152 3153
  * 3530 3531 3532 3533 3534 3535 3536 3537
  * 3914 3915 3916 3917 3918 3919 3920 3921
  * 4314 4315 4316 4317 4318 4319 4320 4321
i electromech_interlock                   b-      306 | 1970 | 2370 | 2754 | 3154 | 3538 | 3922 | 4322
i slot_number_data                        r-:13
  * 307 308 309 310 311 312 313 314 315 316 317 318 319
  * 1971 1972 1973 1974 1975 1976 1977 1978 1979 1980 1981 1982 1983
  * 2371 2372 2373 2374 2375 2376 2377 2378 2379 2380 2381 2382 2383
  * 2755 2756 2757 2758 2759 2760 2761 2762 2763 2764 2765 2766 2767
  * 3155 3156 3157 3158 3159 3160 3161 3162 3163 3164 3165 3166 3167
  * 3539 3540 3541 3542 3543 3544 3545 3546 3547 3548 3549 3550 3551
  * 3923 3924 3925 3926 3927 3928 3929 3930 3931 3932 3933 3934 3935
  * 4323 4324 4325 4326 4327 4328 4329 4330 4331 4332 4333 4334 4335
i diffclock_nfts_count_data               r-:8
  * 320 321 322 323 324 325 326 327
  * 1984 1985 1986 1987 1988 1989 1990 1991
  * 2384 2385 2386 2387 2388 2389 2390 2391
  * 2768 2769 2770 2771 2772 2773 2774 2775
  * 3168 3169 3170 3171 3172 3173 3174 3175
  * 3552 3553 3554 3555 3556 3557 3558 3559
  * 3936 3937 3938 3939 3940 3941 3942 3943
  * 4336 4337 4338 4339 4340 4341 4342 4343
i sameclock_nfts_count_data               r-:8
  * 328 329 330 331 332 333 334 335
  * 1992 1993 1994 1995 1996 1997 1998 1999
  * 2392 2393 2394 2395 2396 2397 2398 2399
  * 2776 2777 2778 2779 2780 2781 2782 2783
  * 3176 3177 3178 3179 3180 3181 3182 3183
  * 3560 3561 3562 3563 3564 3565 3566 3567
  * 3944 3945 3946 3947 3948 3949 3950 3951
  * 4344 4345 4346 4347 4348 4349 4350 4351
i completion_timeout                      m:4
  * 336 337 338 339
  * 2000 2001 2002 2003
  * 2400 2401 2402 2403
  * 2784 2785 2786 2787
  * 3184 3185 3186 3187
  * 3568 3569 3570 3571
  * 3952 3953 3954 3955
  * 4352 4353 4354 4355
  0 cmpl_a !
  1 cmpl_ab
  2 cmpl_abc
  3 cmpl_abcd
  6 cmpl_b
  7 cmpl_bc
  e cmpl_bcd
  f disabled
i enable_completion_timeout_disable       b-      340 | 2004 | 2404 | 2788 | 3188 | 3572 | 3956 | 4356
i ecrc_check_capable                      b-      344 | 2008 | 2408 | 2792 | 3192 | 3576 | 3960 | 4360
i ecrc_gen_capable                        b-      345 | 2009 | 2409 | 2793 | 3193 | 3577 | 3961 | 4361
i no_command_completed                    b-      346 | 2010 | 2410 | 2794 | 3194 | 3578 | 3962 | 4362
i msi_multi_message_capable               n:3
  * 347 348 349
  * 2011 2012 2013
  * 2411 2412 2413
  * 2795 2796 2797
  * 3195 3196 3197
  * 3579 3580 3581
  * 3963 3964 3965
  * 4363 4364 4365
  0 1 !
  1 16
  2 2
  3 32
  4 4
  5 8
i msi_64bit_addressing_capable            b-      350 | 2014 | 2414 | 2798 | 3198 | 3582 | 3966 | 4366
i msi_masking_capable                     b-      351 | 2015 | 2415 | 2799 | 3199 | 3583 | 3967 | 4367
i msi_support                             b-      352 | 2016 | 2416 | 2800 | 3200 | 3584 | 3968 | 4368
i interrupt_pin                           m:3
  * 353 354 355
  * 2017 2018 2019
  * 2417 2418 2419
  * 2801 2802 2803
  * 3201 3202 3203
  * 3585 3586 3587
  * 3969 3970 3971
  * 4369 4370 4371
  0 disabled !
  1 inta
  2 intb
  3 intc
  4 intd
i enable_function_msix_support            b-      358 | 2022 | 2422 | 2806 | 3206 | 3590 | 3974 | 4374
i msix_table_size_data                    r-:11
  * 423 424 425 426 427 428 429 430 431 432 433
  * 2103 2104 2105 2106 2107 2108 2109 2110 2111 2112 2113
  * 2487 2488 2489 2490 2491 2492 2493 2494 2495 2496 2497
  * 2871 2872 2873 2874 2875 2876 2877 2878 2879 2880 2881
  * 3271 3272 3273 3274 3275 3276 3277 3278 3279 3280 3281
  * 3655 3656 3657 3658 3659 3660 3661 3662 3663 3664 3665
  * 4039 4040 4041 4042 4043 4044 4045 4046 4047 4048 4049
  * 4439 4440 4441 4442 4443 4444 4445 4446 4447 4448 4449
i msix_table_bir_data                     r-:3
  * 391 392 393
  * 2055 2056 2057
  * 2455 2456 2457
  * 2839 2840 2841
  * 3239 3240 3241
  * 3623 3624 3625
  * 4007 4008 4009
  * 4407 4408 4409
i msix_table_offset_data                  r-:29
  * 394 395 396 397 398 399 400 401 402 403 404 405 406 407 408 409 410 411 412 413 414 415 416 417 418 419 420 421 422
  * 2058 2059 2060 2061 2062 2063 2080 2081 2082 2083 2084 2085 2086 2087 2088 2089 2090 2091 2092 2093 2094 2095 2096 2097 2098 2099 2100 2101 2102
  * 2458 2459 2460 2461 2462 2463 2464 2465 2466 2467 2468 2469 2470 2471 2472 2473 2474 2475 2476 2477 2478 2479 2480 2481 2482 2483 2484 2485 2486
  * 2842 2843 2844 2845 2846 2847 2848 2849 2850 2851 2852 2853 2854 2855 2856 2857 2858 2859 2860 2861 2862 2863 2864 2865 2866 2867 2868 2869 2870
  * 3242 3243 3244 3245 3246 3247 3248 3249 3250 3251 3252 3253 3254 3255 3256 3257 3258 3259 3260 3261 3262 3263 3264 3265 3266 3267 3268 3269 3270
  * 3626 3627 3628 3629 3630 3631 3632 3633 3634 3635 3636 3637 3638 3639 3640 3641 3642 3643 3644 3645 3646 3647 3648 3649 3650 3651 3652 3653 3654
  * 4010 4011 4012 4013 4014 4015 4016 4017 4018 4019 4020 4021 4022 4023 4024 4025 4026 4027 4028 4029 4030 4031 4032 4033 4034 4035 4036 4037 4038
  * 4410 4411 4412 4413 4414 4415 4416 4417 4418 4419 4420 4421 4422 4423 4424 4425 4426 4427 4428 4429 4430 4431 4432 4433 4434 4435 4436 4437 4438
i msix_pba_bir_data                       r-:3
  * 359 360 361
  * 2023 2024 2025
  * 2423 2424 2425
  * 2807 2808 2809
  * 3207 3208 3209
  * 3591 3592 3593
  * 3975 3976 3977
  * 4375 4376 4377
i msix_pba_offset_data                    r-:29
  * 362 363 364 365 366 367 368 369 370 371 372 373 374 375 376 377 378 379 380 381 382 383 384 385 386 387 388 389 390
  * 2026 2027 2028 2029 2030 2031 2032 2033 2034 2035 2036 2037 2038 2039 2040 2041 2042 2043 2044 2045 2046 2047 2048 2049 2050 2051 2052 2053 2054
  * 2426 2427 2428 2429 2430 2431 2432 2433 2434 2435 2436 2437 2438 2439 2440 2441 2442 2443 2444 2445 2446 2447 2448 2449 2450 2451 2452 2453 2454
  * 2810 2811 2812 2813 2814 2815 2816 2817 2818 2819 2820 2821 2822 2823 2824 2825 2826 2827 2828 2829 2830 2831 2832 2833 2834 2835 2836 2837 2838
  * 3210 3211 3212 3213 3214 3215 3216 3217 3218 3219 3220 3221 3222 3223 3224 3225 3226 3227 3228 3229 3230 3231 3232 3233 3234 3235 3236 3237 3238
  * 3594 3595 3596 3597 3598 3599 3600 3601 3602 3603 3604 3605 3606 3607 3608 3609 3610 3611 3612 3613 3614 3615 3616 3617 3618 3619 3620 3621 3622
  * 3978 3979 3980 3981 3982 3983 3984 3985 3986 3987 3988 3989 3990 3991 3992 3993 3994 3995 3996 3997 3998 3999 4000 4001 4002 4003 4004 4005 4006
  * 4378 4379 4380 4381 4382 4383 4384 4385 4386 4387 4388 4389 4390 4391 4392 4393 4394 4395 4396 4397 4398 4399 4400 4401 4402 4403 4404 4405 4406
i bridge_port_vga_enable                  b-      434 | 2114 | 2498 | 2882 | 3282 | 3666 | 4050 | 4450
i bridge_port_ssid_support                b-      435 | 2115 | 2499 | 2883 | 3283 | 3667 | 4051 | 4451
i ssvid_data                              r-:16
  * 436 437 438 439 440 441 442 443 444 445 446 447 448 449 450 451
  * 2116 2117 2118 2119 2120 2121 2122 2123 2124 2125 2126 2127 2128 2129 2130 2131
  * 2500 2501 2502 2503 2504 2505 2506 2507 2508 2509 2510 2511 2512 2513 2514 2515
  * 2884 2885 2886 2887 2888 2889 2890 2891 2892 2893 2894 2895 2896 2897 2898 2899
  * 3284 3285 3286 3287 3288 3289 3290 3291 3292 3293 3294 3295 3296 3297 3298 3299
  * 3668 3669 3670 3671 3672 3673 3674 3675 3676 3677 3678 3679 3680 3681 3682 3683
  * 4052 4053 4054 4055 4056 4057 4058 4059 4060 4061 4062 4063 4064 4065 4066 4067
  * 4452 4453 4454 4455 4456 4457 4458 4459 4460 4461 4462 4463 4464 4465 4466 4467
i ssid_data                               r-:16
  * 452 453 454 455 456 457 458 459 460 461 462 463 464 465 466 467
  * 2132 2133 2134 2135 2136 2137 2138 2139 2140 2141 2142 2143 2144 2145 2146 2147
  * 2516 2517 2518 2519 2520 2521 2522 2523 2524 2525 2526 2527 2528 2529 2530 2531
  * 2900 2901 2902 2903 2904 2905 2906 2907 2908 2909 2910 2911 2912 2913 2914 2915
  * 3300 3301 3302 3303 3304 3305 3306 3307 3308 3309 3310 3311 3312 3313 3314 3315
  * 3684 3685 3686 3687 3688 3689 3690 3691 3692 3693 3694 3695 3696 3697 3698 3699
  * 4068 4069 4070 4071 4072 4073 4074 4075 4076 4077 4078 4079 4080 4081 4082 4083
  * 4468 4469 4470 4471 4472 4473 4474 4475 4476 4477 4478 4479 4480 4481 4482 4483
i eie_before_nfts_count_data              r-:4
  * 468 469 470 471
  * 2148 2149 2150 2151
  * 2532 2533 2534 2535
  * 2916 2917 2918 2919
  * 3316 3317 3318 3319
  * 3700 3701 3702 3703
  * 4084 4085 4086 4087
  * 4484 4485 4486 4487
i gen2_diffclock_nfts_count_data          r-:8
  * 472 473 474 475 476 477 478 479
  * 2152 2153 2154 2155 2156 2157 2158 2159
  * 2536 2537 2538 2539 2540 2541 2542 2543
  * 2920 2921 2922 2923 2924 2925 2926 2927
  * 3320 3321 3322 3323 3324 3325 3326 3327
  * 3704 3705 3706 3707 3708 3709 3710 3711
  * 4088 4089 4090 4091 4092 4093 4094 4095
  * 4488 4489 4490 4491 4492 4493 4494 4495
i gen2_sameclock_nfts_count_data          r-:8
  * 480 481 482 483 484 485 486 487
  * 2160 2161 2162 2163 2164 2165 2166 2167
  * 2544 2545 2546 2547 2548 2549 2550 2551
  * 2928 2929 2930 2931 2932 2933 2934 2935
  * 3328 3329 3330 3331 3332 3333 3334 3335
  * 3712 3713 3714 3715 3716 3717 3718 3719
  * 4096 4097 4098 4099 4100 4101 4102 4103
  * 4496 4497 4498 4499 4500 4501 4502 4503
i deemphasis_enable                       b-      488 | 2168 | 2552 | 2936 | 3336 | 3720 | 4104 | 4504
i pcie_spec_version                       n:4
  * 489 490 491 492
  * 2169 2170 2171 2172
  * 2553 2554 2555 2556
  * 2937 2938 2939 2940
  * 3337 3338 3339 3340
  * 3721 3722 3723 3724
  * 4105 4106 4107 4108
  * 4505 4506 4507 4508
  0 0 !
  1 1
  2 2
i l0_exit_latency_sameclock_data          r-:3
  * 493 494 495
  * 2173 2174 2175
  * 2557 2558 2559
  * 2941 2942 2943
  * 3341 3342 3343
  * 3725 3726 3727
  * 4109 4110 4111
  * 4509 4510 4511
i l0_exit_latency_diffclock_data          r-:3
  * 496 497 498
  * 2176 2177 2178
  * 2560 2561 2562
  * 2944 2945 2946
  * 3344 3345 3346
  * 3728 3729 3730
  * 4112 4113 4114
  * 4512 4513 4514
i rx_ei_l0s                               b-      499 | 2179 | 2563 | 2947 | 3347 | 3731 | 4115 | 4515
i l2_async_logic                          b-      500 | 2180 | 2564 | 2948 | 3348 | 3732 | 4116 | 4516
i aspm_optionality                        b-      501 | 2181 | 2565 | 2949 | 3349 | 3733 | 4117 | 4517
i flr_capability                          b-      511 | 2191 | 2575 | 2959 | 3359 | 3743 | 4127 | 4527
i bar0_io_space                           b-      512 | 4528 | 4768 | 5008 | 5264 | 5504 | 5744 | 5984
i bar0_64bit_mem_space                    b-      513 | 4530 | 4770 | 5010 | 5266 | 5506 | 5746 | 5986
i bar0_prefetchable                       b-      515 | 4531 | 4771 | 5011 | 5267 | 5507 | 5747 | 5987
i bar0_size_mask_data                     r-:28
  * 516 517 518 519 520 521 522 523 524 525 526 527 528 529 530 531 532 533 534 535 536 537 538 539 540 541 542 543
  * 4532 4533 4534 4535 4536 4537 4538 4539 4540 4541 4542 4543 4544 4545 4546 4547 4548 4549 4550 4551 4552 4553 4554 4555 4556 4557 4558 4559
  * 4772 4773 4774 4775 4776 4777 4778 4779 4780 4781 4782 4783 4784 4785 4786 4787 4788 4789 4790 4791 4792 4793 4794 4795 4796 4797 4798 4799
  * 5012 5013 5014 5015 5016 5017 5018 5019 5020 5021 5022 5023 5024 5025 5026 5027 5028 5029 5030 5031 5032 5033 5034 5035 5036 5037 5038 5039
  * 5268 5269 5270 5271 5272 5273 5274 5275 5276 5277 5278 5279 5280 5281 5282 5283 5284 5285 5286 5287 5288 5289 5290 5291 5292 5293 5294 5295
  * 5508 5509 5510 5511 5512 5513 5514 5515 5516 5517 5518 5519 5520 5521 5522 5523 5524 5525 5526 5527 5528 5529 5530 5531 5532 5533 5534 5535
  * 5748 5749 5750 5751 5752 5753 5754 5755 5756 5757 5758 5759 5760 5761 5762 5763 5764 5765 5766 5767 5768 5769 5770 5771 5772 5773 5774 5775
  * 5988 5989 5990 5991 5992 5993 5994 5995 5996 5997 5998 5999 6000 6001 6002 6003 6004 6005 6006 6007 6008 6009 6010 6011 6012 6013 6014 6015
i bar1_io_space                           b-      544 | 4560 | 4800 | 5040 | 5296 | 5536 | 5776 | 6016
i bar1_64bit_mem_space                    m:2
  * 545 546
  * 4561 4562
  * 4801 4802
  * 5041 5042
  * 5297 5298
  * 5537 5538
  * 5777 5778
  * 6017 6018
  0 disabled !
  2 enabled
  3 all_one
i bar1_prefetchable                       b-      547 | 4563 | 4803 | 5043 | 5299 | 5539 | 5779 | 6019
i bar1_size_mask_data                     r-:28
  * 548 549 550 551 552 553 554 555 556 557 558 559 560 561 562 563 564 565 566 567 568 569 570 571 572 573 574 575
  * 4564 4565 4566 4567 4568 4569 4570 4571 4572 4573 4574 4575 4576 4577 4578 4579 4580 4581 4582 4583 4584 4585 4586 4587 4588 4589 4590 4591
  * 4804 4805 4806 4807 4808 4809 4810 4811 4812 4813 4814 4815 4816 4817 4818 4819 4820 4821 4822 4823 4824 4825 4826 4827 4828 4829 4830 4831
  * 5044 5045 5046 5047 5048 5049 5050 5051 5052 5053 5054 5055 5056 5057 5058 5059 5060 5061 5062 5063 5064 5065 5066 5067 5068 5069 5070 5071
  * 5300 5301 5302 5303 5304 5305 5306 5307 5308 5309 5310 5311 5312 5313 5314 5315 5316 5317 5318 5319 5320 5321 5322 5323 5324 5325 5326 5327
  * 5540 5541 5542 5543 5544 5545 5546 5547 5548 5549 5550 5551 5552 5553 5554 5555 5556 5557 5558 5559 5560 5561 5562 5563 5564 5565 5566 5567
  * 5780 5781 5782 5783 5784 5785 5786 5787 5788 5789 5790 5791 5792 5793 5794 5795 5796 5797 5798 5799 5800 5801 5802 5803 5804 5805 5806 5807
  * 6020 6021 6022 6023 6024 6025 6026 6027 6028 6029 6030 6031 6032 6033 6034 6035 6036 6037 6038 6039 6040 6041 6042 6043 6044 6045 6046 6047
i bar2_io_space                           b-      576 | 4592 | 4832 | 5072 | 5328 | 5568 | 5808 | 6048
i bar2_64bit_mem_space                    b-      578 | 4594 | 4834 | 5074 | 5330 | 5570 | 5810 | 6050
i bar2_prefetchable                       b-      579 | 4595 | 4835 | 5075 | 5331 | 5571 | 5811 | 6051
i bar2_size_mask_data                     r-:28
  * 580 581 582 583 584 585 586 587 588 589 590 591 592 593 594 595 596 597 598 599 600 601 602 603 604 605 606 607
  * 4596 4597 4598 4599 4600 4601 4602 4603 4604 4605 4606 4607 4608 4609 4610 4611 4612 4613 4614 4615 4616 4617 4618 4619 4620 4621 4622 4623
  * 4836 4837 4838 4839 4840 4841 4842 4843 4844 4845 4846 4847 4848 4849 4850 4851 4852 4853 4854 4855 4856 4857 4858 4859 4860 4861 4862 4863
  * 5076 5077 5078 5079 5080 5081 5082 5083 5084 5085 5086 5087 5088 5089 5090 5091 5092 5093 5094 5095 5096 5097 5098 5099 5100 5101 5102 5103
  * 5332 5333 5334 5335 5336 5337 5338 5339 5340 5341 5342 5343 5344 5345 5346 5347 5348 5349 5350 5351 5352 5353 5354 5355 5356 5357 5358 5359
  * 5572 5573 5574 5575 5576 5577 5578 5579 5580 5581 5582 5583 5584 5585 5586 5587 5588 5589 5590 5591 5592 5593 5594 5595 5596 5597 5598 5599
  * 5812 5813 5814 5815 5816 5817 5818 5819 5820 5821 5822 5823 5824 5825 5826 5827 5828 5829 5830 5831 5832 5833 5834 5835 5836 5837 5838 5839
  * 6052 6053 6054 6055 6056 6057 6058 6059 6060 6061 6062 6063 6064 6065 6066 6067 6068 6069 6070 6071 6072 6073 6074 6075 6076 6077 6078 6079
i bar3_io_space                           b-      608 | 4624 | 4864 | 5104 | 5360 | 5600 | 5840 | 6080
i bar3_64bit_mem_space                    m:2
  * 609 610
  * 4625 4626
  * 4865 4866
  * 5105 5106
  * 5361 5362
  * 5601 5602
  * 5841 5842
  * 6081 6082
  0 disabled !
  2 enabled
  3 all_one
i bar3_prefetchable                       b-      611 | 4627 | 4867 | 5107 | 5363 | 5603 | 5843 | 6083
i bar3_size_mask_data                     r-:28
  * 612 613 614 615 616 617 618 619 620 621 622 623 624 625 626 627 628 629 630 631 632 633 634 635 636 637 638 639
  * 4628 4629 4630 4631 4632 4633 4634 4635 4636 4637 4638 4639 4640 4641 4642 4643 4644 4645 4646 4647 4648 4649 4650 4651 4652 4653 4654 4655
  * 4868 4869 4870 4871 4872 4873 4874 4875 4876 4877 4878 4879 4880 4881 4882 4883 4884 4885 4886 4887 4888 4889 4890 4891 4892 4893 4894 4895
  * 5108 5109 5110 5111 5112 5113 5114 5115 5116 5117 5118 5119 5120 5121 5122 5123 5124 5125 5126 5127 5128 5129 5130 5131 5132 5133 5134 5135
  * 5364 5365 5366 5367 5368 5369 5370 5371 5372 5373 5374 5375 5376 5377 5378 5379 5380 5381 5382 5383 5384 5385 5386 5387 5388 5389 5390 5391
  * 5604 5605 5606 5607 5608 5609 5610 5611 5612 5613 5614 5615 5616 5617 5618 5619 5620 5621 5622 5623 5624 5625 5626 5627 5628 5629 5630 5631
  * 5844 5845 5846 5847 5848 5849 5850 5851 5852 5853 5854 5855 5856 5857 5858 5859 5860 5861 5862 5863 5864 5865 5866 5867 5868 5869 5870 5871
  * 6084 6085 6086 6087 6088 6089 6090 6091 6092 6093 6094 6095 6096 6097 6098 6099 6100 6101 6102 6103 6104 6105 6106 6107 6108 6109 6110 6111
i bar4_io_space                           b-      640 | 4656 | 4896 | 5136 | 5392 | 5632 | 5872 | 6112
i bar4_64bit_mem_space                    b-      642 | 4658 | 4898 | 5138 | 5394 | 5634 | 5874 | 6114
i bar4_prefetchable                       b-      643 | 4659 | 4899 | 5139 | 5395 | 5635 | 5875 | 6115
i bar4_size_mask_data                     r-:28
  * 644 645 646 647 648 649 650 651 652 653 654 655 656 657 658 659 660 661 662 663 664 665 666 667 668 669 670 671
  * 4660 4661 4662 4663 4664 4665 4666 4667 4668 4669 4670 4671 4672 4673 4674 4675 4676 4677 4678 4679 4680 4681 4682 4683 4684 4685 4686 4687
  * 4900 4901 4902 4903 4904 4905 4906 4907 4908 4909 4910 4911 4912 4913 4914 4915 4916 4917 4918 4919 4920 4921 4922 4923 4924 4925 4926 4927
  * 5140 5141 5142 5143 5144 5145 5146 5147 5148 5149 5150 5151 5152 5153 5154 5155 5156 5157 5158 5159 5160 5161 5162 5163 5164 5165 5166 5167
  * 5396 5397 5398 5399 5400 5401 5402 5403 5404 5405 5406 5407 5408 5409 5410 5411 5412 5413 5414 5415 5416 5417 5418 5419 5420 5421 5422 5423
  * 5636 5637 5638 5639 5640 5641 5642 5643 5644 5645 5646 5647 5648 5649 5650 5651 5652 5653 5654 5655 5656 5657 5658 5659 5660 5661 5662 5663
  * 5876 5877 5878 5879 5880 5881 5882 5883 5884 5885 5886 5887 5888 5889 5890 5891 5892 5893 5894 5895 5896 5897 5898 5899 5900 5901 5902 5903
  * 6116 6117 6118 6119 6120 6121 6122 6123 6124 6125 6126 6127 6128 6129 6130 6131 6132 6133 6134 6135 6136 6137 6138 6139 6140 6141 6142 6143
i bar5_io_space                           b-      672 | 4688 | 4928 | 5168 | 5424 | 5664 | 5904 | 6144
i bar5_64bit_mem_space                    m:2
  * 673 674
  * 4689 4690
  * 4929 4930
  * 5169 5170
  * 5425 5426
  * 5665 5666
  * 5905 5906
  * 6145 6146
  0 disabled !
  2 enabled
  3 all_one
i bar5_prefetchable                       b-      675 | 4691 | 4931 | 5171 | 5427 | 5667 | 5907 | 6147
i bar5_size_mask_data                     r-:28
  * 676 677 678 679 680 681 682 683 684 685 686 687 688 689 690 691 692 693 694 695 696 697 698 699 700 701 702 703
  * 4692 4693 4694 4695 4696 4697 4698 4699 4700 4701 4702 4703 4704 4705 4706 4707 4708 4709 4710 4711 4712 4713 4714 4715 4716 4717 4718 4719
  * 4932 4933 4934 4935 4936 4937 4938 4939 4940 4941 4942 4943 4944 4945 4946 4947 4948 4949 4950 4951 4952 4953 4954 4955 4956 4957 4958 4959
  * 5172 5173 5174 5175 5176 5177 5178 5179 5180 5181 5182 5183 5200 5201 5202 5203 5204 5205 5206 5207 5208 5209 5210 5211 5212 5213 5214 5215
  * 5428 5429 5430 5431 5432 5433 5434 5435 5436 5437 5438 5439 5440 5441 5442 5443 5444 5445 5446 5447 5448 5449 5450 5451 5452 5453 5454 5455
  * 5668 5669 5670 5671 5672 5673 5674 5675 5676 5677 5678 5679 5680 5681 5682 5683 5684 5685 5686 5687 5688 5689 5690 5691 5692 5693 5694 5695
  * 5908 5909 5910 5911 5912 5913 5914 5915 5916 5917 5918 5919 5920 5921 5922 5923 5924 5925 5926 5927 5928 5929 5930 5931 5932 5933 5934 5935
  * 6148 6149 6150 6151 6152 6153 6154 6155 6156 6157 6158 6159 6160 6161 6162 6163 6164 6165 6166 6167 6168 6169 6170 6171 6172 6173 6174 6175
i expansion_base_address_register_data_0  r-:32
  * 704 705 706 707 708 709 710 711 712 713 714 715 716 717 718 719 720 721 722 723 724 725 726 727 728 729 730 731 732 733 734 735
  * 4720 4721 4722 4723 4724 4725 4726 4727 4728 4729 4730 4731 4732 4733 4734 4735 4736 4737 4738 4739 4740 4741 4742 4743 4744 4745 4746 4747 4748 4749 4750 4751
  * 4960 4961 4962 4963 4964 4965 4966 4967 4968 4969 4970 4971 4972 4973 4974 4975 4976 4977 4978 4979 4980 4981 4982 4983 4984 4985 4986 4987 4988 4989 4990 4991
  * 5216 5217 5218 5219 5220 5221 5222 5223 5224 5225 5226 5227 5228 5229 5230 5231 5232 5233 5234 5235 5236 5237 5238 5239 5240 5241 5242 5243 5244 5245 5246 5247
  * 5456 5457 5458 5459 5460 5461 5462 5463 5464 5465 5466 5467 5468 5469 5470 5471 5472 5473 5474 5475 5476 5477 5478 5479 5480 5481 5482 5483 5484 5485 5486 5487
  * 5696 5697 5698 5699 5700 5701 5702 5703 5704 5705 5706 5707 5708 5709 5710 5711 5712 5713 5714 5715 5716 5717 5718 5719 5720 5721 5722 5723 5724 5725 5726 5727
  * 5936 5937 5938 5939 5940 5941 5942 5943 5944 5945 5946 5947 5948 5949 5950 5951 5952 5953 5954 5955 5956 5957 5958 5959 5960 5961 5962 5963 5964 5965 5966 5967
  * 6176 6177 6178 6179 6180 6181 6182 6183 6184 6185 6186 6187 6188 6189 6190 6191 6192 6193 6194 6195 6196 6197 6198 6199 6200 6201 6202 6203 6204 6205 6206 6207
i io_window_addr_width                    m:2
  * 736 737
  * 4752 4753
  * 4992 4993
  * 5248 5249
  * 5488 5489
  * 5728 5729
  * 5968 5969
  * 6208 6209
  0 disabled !
  1 window_16_bit
  2 window_32_bit
i prefetchable_mem_window_addr_width      n:2
  * 738 739
  * 4754 4755
  * 4994 4995
  * 5250 5251
  * 5490 5491
  * 5730 5731
  * 5970 5971
  * 6210 6211
  0 0 !
  1 32
  3 64
g rx_cdc_almost_full_data                 r-:4    788 789 790 791
g tx_cdc_almost_full_data                 r-:4    792 793 794 795
g rx_l0s_count_idl_data                   r-:8    796 797 798 799 800 801 802 803
g cdc_dummy_insert_limit_data             r-:4    805 806 807 808
g ei_delay_powerdown_count_data           r-:8    809 810 811 812 813 814 815 816
g millisecond_cycle_count_data            r-:20   817 818 819 820 821 822 823 824 825 826 827 828 829 830 831 832 833 834 835 836
g skp_os_schedule_count_data              r-:11   837 838 839 840 841 842 843 844 845 846 847
g fc_init_timer_data                      r-:11   848 849 850 851 852 853 854 855 856 857 858
g l01_entry_latency_data                  r-:5    859 860 861 862 863
g flow_control_update_count_data          r-:5    864 865 866 867 868
g flow_control_timeout_count_data         r-:8    872 873 874 875 876 877 878 879
g vc0_rx_flow_ctrl_posted_header_data     r-:8    880 881 882 883 884 885 886 887
g vc0_rx_flow_ctrl_posted_data_data       r-:12   888 889 890 891 892 893 894 895 896 897 898 899
g vc0_rx_flow_ctrl_nonposted_header_data  r-:8    900 901 902 903 904 905 906 907
g vc0_rx_flow_ctrl_nonposted_data_data    r-:8    908 909 910 911 912 913 914 915
g vc0_rx_flow_ctrl_compl_header_data      r-:8    916 917 918 919 920 921 922 923
g vc0_rx_flow_ctrl_compl_data_data        r-:12   924 925 926 927 928 929 930 931 932 933 934 935
g rx_ptr0_posted_dpram_min_data           r-:10   1424 1425 1426 1427 1428 1429 1430 1431 1432 1433
g rx_ptr0_posted_dpram_max_data           r-:10   1434 1435 1436 1437 1438 1439 1440 1441 1442 1443
g rx_ptr0_nonposted_dpram_min_data        r-:10   1444 1445 1446 1447 1448 1449 1450 1451 1452 1453
g rx_ptr0_nonposted_dpram_max_data        r-:10   1454 1455 1456 1457 1458 1459 1460 1461 1462 1463
g retry_buffer_last_active_address_data   r-:8    1408 1409 1410 1411 1412 1413 1414 1415
g retry_buffer_memory_settings_data       r-:16   1552 1553 1554 1555 1556 1557 1558 1559 1560 1561 1562 1563 1564 1565 1566 1567
g vc0_rx_buffer_memory_settings_data      r-:16   1568 1569 1570 1571 1572 1573 1574 1575 1576 1577 1578 1579 1580 1581 1582 1583
g bist_memory_settings_data               r-:75   1472 1473 1474 1475 1476 1477 1478 1479 1480 1481 1482 1483 1484 1485 1486 1487 1488 1489 1490 1491 1492 1493 1494 1495 1496 1497 1498 1499 1500 1501 1502 1503 1504 1505 1506 1507 1508 1509 1510 1511 1512 1513 1514 1515 1516 1517 1518 1519 1520 1521 1522 1523 1524 1525 1526 1527 1528 1529 1530 1531 1532 1533 1534 1535 1536 1537 1538 1539 1540 1541 1542 1543 1544 1545 1546
g iei_enable_settings                     m:6     1584 1585 1586 1587 1588 1589
  00 disabled !
  09 disable_iei_logic
  24 gen2_infei_gen1_infei
  25 gen2_infei_gen1_infei_sd
  35 gen2_infei_infsd_gen1_infei_sd
  36 gen2_infei_infsd_gen1_infei_infsd
g vsec_id_data                            r-:16   1600 1601 1602 1603 1604 1605 1606 1607 1608 1609 1610 1611 1612 1613 1614 1615
g cvp_rate_sel                            m:1     1625
  0 full_rate !
  1 half_rate
g hard_reset_bypass                       b-      1624
g cvp_data_compressed                     b-      1623
g cvp_data_encrypted                      b-      1622
g cvp_mode_reset                          b-      1620
g cvp_clk_reset                           b-      1621
g vsec_cap_data                           r-:4    1616 1617 1618 1619
g jtag_id_data                            r-:128  1632 1633 1634 1635 1636 1637 1638 1639 1640 1641 1642 1643 1644 1645 1646 1647 1648 1649 1650 1651 1652 1653 1654 1655 1656 1657 1658 1659 1660 1661 1662 1663 1664 1665 1666 1667 1668 1669 1670 1671 1672 1673 1674 1675 1676 1677 1678 1679 1680 1681 1682 1683 1684 1685 1686 1687 1688 1689 1690 1691 1692 1693 1694 1695 1696 1697 1698 1699 1700 1701 1702 1703 1704 1705 1706 1707 1708 1709 1710 1711 1712 1713 1714 1715 1716 1717 1718 1719 1720 1721 1722 1723 1724 1725 1726 1727 1728 1729 1730 1731 1732 1733 1734 1735 1736 1737 1738 1739 1740 1741 1742 1743 1744 1745 1746 1747 1748 1749 1750 1751 1752 1753 1754 1755 1756 1757 1758 1759
g user_id_data                            r-:16    1760 1761 1762 1763 1764 1765 1766 1767 1768 1769 1770 1771 1772 1773 1774 1775
g rstctrl_debug_en                        b-      971
g rstctrl_rx_pma_rstb_inv                 b-      944
g rstctrl_tx_pma_rstb_inv                 b-      945
g rstctrl_rx_pcs_rst_n_inv                b-      946
g rstctrl_tx_pcs_rst_n_inv                b-      947
g rstctrl_altpe2_crst_n_inv               b-      948
g rstctrl_altpe2_srst_n_inv               b-      949
g rstctrl_altpe2_rst_n_inv                b-      950
g rstctrl_tx_pma_syncp_inv                b-      951
g rstctrl_perst_enable                    m:2     956 957
  0 level !
  1 neg_edge
g rstctrl_hard_block_enable               m:1     958
  0 hard_rst_ctl !
  1 pld_rst_ctl
g rstctrl_perstn_select                   m:1     959
  0 perstn_pin !
  1 perstn_pld
g rstctrl_hip_ep                          m:1     970
  0 hip_not_ep !
  1 hip_ep
g rstctrl_pld_clr                         b-      972
g rstctrl_force_inactive_rst              b-      973
g rstctrl_timer_a_type                    m:2     960 961
  0 disabled !
  1 milli_secs
  2 micro_secs
  3 fref_cycles
g rstctrl_timer_a_value                   r-:8    962 963 964 965 966 967 968 969
g rstctrl_timer_b_type                    m:2     976 977
  0 disabled !
  1 milli_secs
  2 micro_secs
  3 fref_cycles
g rstctrl_timer_b_value                   r-:8    978 979 980 981 982 983 984 985
g rstctrl_timer_c_type                    m:2     992 993
  0 disabled !
  1 milli_secs
  2 micro_secs
  3 fref_cycles
g rstctrl_timer_c_value                   r-:8    994 995 996 997 998 999 1000 1001
g rstctrl_timer_d_type                    m:2     1008 1009
  0 disabled !
  1 milli_secs
  2 micro_secs
  3 fref_cycles
g rstctrl_timer_d_value                   r-:8    1010 1011 1012 1013 1014 1015 1016 1017
g rstctrl_timer_e_type                    m:2     1040 1041
  0 disabled !
  1 milli_secs
  2 micro_secs
  3 fref_cycles
g rstctrl_timer_e_value                   r-:8    1042 1043 1044 1045 1046 1047 1048 1049
g rstctrl_timer_f_type                    m:2     1056 1057
  0 disabled !
  1 milli_secs
  2 micro_secs
  3 fref_cycles
g rstctrl_timer_f_value                   r-:8    1058 1059 1060 1061 1062 1063 1064 1065
g rstctrl_timer_g_type                    m:2     1072 1073
  0 disabled !
  1 milli_secs
  2 micro_secs
  3 fref_cycles
g rstctrl_timer_g_value                   r-:8    1074 1075 1076 1077 1078 1079 1080 1081
g rstctrl_timer_h_type                    m:2     1088 1089
  0 disabled !
  1 milli_secs
  2 micro_secs
  3 fref_cycles
g rstctrl_timer_h_value                   r-:8    1090 1091 1092 1093 1094 1095 1096 1097
g rstctrl_timer_i_type                    m:2     1104 1105
  0 disabled !
  1 milli_secs
  2 micro_secs
  3 fref_cycles
g rstctrl_timer_i_value                   r-:8    1106 1107 1108 1109 1110 1111 1112 1113
g rstctrl_timer_j_type                    m:2     1376 1377     
  0 disabled !
  1 milli_secs
  2 micro_secs
  3 fref_cycles
g rstctrl_timer_j_value                   r-:8    1378 1379 1380 1381 1382 1383 1384 1385    
g rstctrl_1ms_count_fref_clk_value        r-:20   1120 1121 1122 1123 1124 1125 1126 1127 1128 1129 1130 1131 1132 1133 1134 1135 1136 1137 1138 1139
g rstctrl_1us_count_fref_clk_value        r-:20   1152 1153 1154 1155 1156 1157 1158 1159 1160 1161 1162 1163 1164 1165 1166 1167 1140 1141 1142 1143
g rstctrl_tx_pcs_rst_n_select             m:12    1168 1169 1170 1171 1172 1173 1174 1175 1176 1177 1178 1179
  000 disabled !
  001 ch0_out
  003 ch01_out
  00f ch0123_out
  1ff ch012345678_out
  5ff ch012345678_10_out
g rstctrl_rx_pcs_rst_n_select             m:12    1184 1185 1186 1187 1188 1189 1190 1191 1192 1193 1194 1195
  000 disabled !
  001 ch0_out
  003 ch01_out
  00f ch0123_out
  1ff ch012345678_out
  5ff ch012345678_10_out
g rstctrl_rx_pma_rstb_cmu_select          m:12    1200 1201 1202 1203 1204 1205 1206 1207 1208 1209 1210 1211
  000 disabled !
  002 ch1cmu_sel
  010 ch4cmu_sel
  410 ch4_10cmu_sel
g rstctrl_rx_pma_rstb_select              m:12    1216 1217 1218 1219 1220 1221 1222 1223 1224 1225 1226 1227
  000 disabled !
  001 ch0_out
  003 ch01_out
  00f ch0123_out
  1ff ch012345678_out
  5ff ch012345678_10_out
g rstctrl_tx_lc_pll_rstb_select           m:12    1232 1233 1234 1235 1236 1237 1238 1239 1240 1241 1242 1243
  000 disabled !
  002 ch1_out
  080 ch7_out
g rstctrl_off_cal_en_select               m:12    1248 1249 1250 1251 1252 1253 1254 1255 1256 1257 1258 1259
  000 disabled !
  001 ch0_out
  003 ch01_out
  00f ch0123_out
  1ef ch0123_5678_out
g rstctrl_fref_clk_select                 m:12    1264 1265 1266 1267 1268 1269 1270 1271 1272 1273 1274 1275
  000 disabled !
  001 ch0_sel
  002 ch1_sel
  004 ch2_sel
  008 ch3_sel
  010 ch4_sel
  020 ch5_sel
  040 ch6_sel
  080 ch7_sel
  100 ch8_sel
  200 ch9_sel
  400 ch10_sel
  800 ch11_sel
g rstctrl_off_cal_done_select             m:12    1280 1281 1282 1283 1284 1285 1286 1287 1288 1289 1290 1291
  000 disabled !
  001 ch0_out
  003 ch01_out
  00f ch0123_out
  1ef ch0123_5678_out
g rstctrl_tx_lc_pll_lock_select           m:12    1296 1297 1298 1299 1300 1301 1302 1303 1304 1305 1306 1307
  000 disabled !
  002 ch1_sel
  080 ch7_sel
g rstctrl_tx_cmu_pll_lock_select          m:12    1312 1313 1314 1315 1316 1317 1318 1319 1320 1321 1322 1323
  000 disabled !
  002 ch1_sel
  010 ch4_sel
  410 ch4_10_sel
g rstctrl_rx_pll_freq_lock_select         m:12    1392 1393 1394 1395 1396 1397 1398 1399 1400 1401 1402 1403
  000 disabled !
  001 ch0_sel
  003 ch01_sel
  00f ch0123_sel
  1ef ch0123_5678_sel
  e10 ch0123_5678_phs_sel
  ff0 ch0123_phs_sel
  ffc ch01_phs_sel
  ffe ch0_phs_sel
g rstctrl_rx_pll_lock_select              m:12    1328 1329 1330 1331 1332 1333 1334 1335 1336 1337 1338 1339
  000 disabled !
  001 ch0_sel
  003 ch01_sel
  00f ch0123_sel
  1ef ch0123_5678_sel
g rstctrl_mask_tx_pll_lock_select         m:12    1344 1345 1346 1347 1348 1349 1350 1351 1352 1353 1354 1355
  000 disabled !
  002 ch1_sel
  010 ch4_sel
  410 ch4_10_sel
g rstctrl_tx_pma_syncp_select             m:12    1360 1361 1362 1363 1364 1365 1366 1367 1368 1369 1370 1371
  000 disabled !
  002 ch1_out
  010 ch4_out
  410 ch4_10_out
g rstctrl_ltssm_disable                   b-      975
g tx_swing_data                           r-:8    1784 1785 1786 1787 1788 1789 1790 1791
g slotclk_cfg                             m:2     1782 1783
  0 dynamic_slotclkcfg !
  2 static_slotclkcfgoff
  3 static_slotclkcfgon
g disable_auto_crs                        b-      1776
g bypass_clk_switch                       b-      1777
g core_clk_sel                            m:1     1778
  0 core_clk_out !
  1 pld_clk
g disable_clk_switch                      b-      1779
g core_clk_disable_clk_switch             m:1     1780
  0 core_clk_out !
  1 pld_clk
g cvp_isolation                           b-      1407
g plniotri_gate                           b-      974
g mdio_cb_opbit_enable                    b-      1305
g bridge_66mhzcap                         b-      1547
g fastb2bcap                              b-      1548
g devseltim                               m:2     1549 1550
  0 fast_devsel_decoding !
  1 medium_devsel_decoding
  2 slow_devsel_decoding
g lattim_ro_data                          r-:7    1590 1591 1592 1593 1594 1595 1596
g memwrinv                                m:1     1551
  0 ro !
  1 rw
g br_rcb                                  m:1     1597
  0 ro !
  1 rw
g rxfreqlk_cnt_en                         b-      6276
g rxfreqlk_cnt_data                       r-:20   6256 6257 6258 6259 6260 6261 6262 6263 6264 6265 6266 6267 6268 6269 6270 6271 6272 6273 6274 6275
g testmode_control                        b-:2    6277 6278
g skp_insertion_control                   b-:2    6279 6280
g tx_l0s_adjust                           b-      6281
g enable_adapter_half_rate_mode           b-      1420
g vc0_clk_enable                          b-      1421
g vc1_clk_enable                          b-      1422
g register_pipe_signals                   b-      1423
i porttype_func                           m:4
  * 6224 6225 6226 6227
  * 6228 6229 6230 6231
  * 6232 6233 6234 6235
  * 6236 6237 6238 6239
  * 6240 6241 6242 6243
  * 6244 6245 6246 6247
  * 6248 6249 6250 6251
  * 6252 6253 6254 6255
  0 ep_native !
  1 ep_legacy
  4 rp
  5 sw_up
  6 sw_dn
  7 bridge
  e switch_mode
  f shared_mode
m altpe2_hip_base_addr_user_1             r-:10
  * 1024 1025 1026 1027 1028 1029 1030 1031 1032 1033
  * 2064 2065 2066 2067 2068 2069 2070 2071 2072 2073
  * 3104 3105 3106 3107 3108 3109 3110 3111 3112 3113
  * 4144 4145 4146 4147 4148 4149 4150 4151 4152 4153
  * 5184 5185 5186 5187 5188 5189 5190 5191 5192 5193
  * 6288 6289 6290 6291 6292 6293 6294 6295 6296 6297
m dft_broadcast_en_1                      b-      1038 | 2078 | 3118 | 4158 | 5198 | 6302
m power_isolation_en_1_data               b-      1039 | 2079 | 3119 | 4159 | 5199 | 6303
m force_mdio_dis_csr_ctrl_1               b-      1037 | 2077 | 3117 | 4157 | 5197 | 6301
m cvp_mdio_dis_csr_ctrl_1                 b-      1036 | 2076 | 3116 | 4156 | 5196 | 6300
