g true_dual_port     b-   2.58
g pack_mode          b-   2.59
g a_data_width       n:5  2.51 2.52 2.53 2.54 2.55
  00 1
  01 2
  02 5
  04 10
  08 20
  10 40 !
g a_data_flow_thru   b-   2.56
g a_fast_write       m:2  1.82 2.57
  0 off !
  2 fast
  3 slow
g a_outclr_en        m:2  2.60 2.61
  0 off !
  1 reg
  2 lat
g a_addclr_en        b-   2.62
g a_output_sel       m:1  2.63
  0 async !
  1 reg
g a_dmy_pwdwn        r6:4 1.64 1.66 1.74 1.76 
g a_wr_timer_pulse   r6:5 2.68 2.69 2.70 2.71 2.72
g a_wl_delay         r1:2 2.73 2.74
g b_dmy_delay        r1:2 2.77 2.78
g a_sa_wren_delay    r0:2 2.75 2.76
g a_saen_delay       r0:3 2.79 2.80 2.81
g a_outen_delay      r1:3 2.82 2.83 2.84
g a_outen_pulse      r3:2 2.85 1.50
g a_fast_read        b-   2.64
g b_data_width       n:5  2.34 2.33 2.32 2.31 2.30
  00 1 !
  01 2
  02 5
  04 10
  08 20
  10 40
g b_data_flow_thru   b-   2.29
g b_fast_write       m:2  1.3 2.28
  0 off !
  2 fast
  3 slow
g b_outclr_en        m:2  2.25 2.24
  0 off !
  1 reg
  2 lat
g b_addclr_en        b-   2.23
g b_output_sel       m:1  2.22
  0 async !
  1 reg
g b_dmy_pwdwn        r6:4 1.21 1.19 1.11 1.9
g b_wr_timer_pulse   r6:5 2.17 2.16 2.15 2.14 2.13
g b_wl_delay         r1:2 2.12 2.11
g b_dmy_delay        r1:2 2.8 2.7
g b_sa_wren_delay    r0:2 2.10 2.9
g b_saen_delay       r0:3 2.6 2.5 2.4
g b_outen_delay      r1:3 2.3 2.2 2.1
g b_outen_pulse      r3:2 2.0 1.35
g b_fast_read        b-   2.21
g disable_unused     b+   1.54
g bist_mode          b-   2.66
m ram                r-:40
  * 3.67 3.66 3.65 3.64 3.62 3.61 3.60 3.59 3.57 3.56 3.55 3.54 3.52 3.51 3.50 3.49 3.47 3.46 3.45 3.44 3.42 3.41 3.40 3.39 3.37 3.36 3.35 3.34 3.32 3.31 3.30 3.29 3.27 3.26 3.25 3.24 3.22 3.21 3.20 3.19
  * 4.67 4.66 4.65 4.64 4.62 4.61 4.60 4.59 4.57 4.56 4.55 4.54 4.52 4.51 4.50 4.49 4.47 4.46 4.45 4.44 4.42 4.41 4.40 4.39 4.37 4.36 4.35 4.34 4.32 4.31 4.30 4.29 4.27 4.26 4.25 4.24 4.22 4.21 4.20 4.19
  * 5.67 5.66 5.65 5.64 5.62 5.61 5.60 5.59 5.57 5.56 5.55 5.54 5.52 5.51 5.50 5.49 5.47 5.46 5.45 5.44 5.42 5.41 5.40 5.39 5.37 5.36 5.35 5.34 5.32 5.31 5.30 5.29 5.27 5.26 5.25 5.24 5.22 5.21 5.20 5.19
  * 6.67 6.66 6.65 6.64 6.62 6.61 6.60 6.59 6.57 6.56 6.55 6.54 6.52 6.51 6.50 6.49 6.47 6.46 6.45 6.44 6.42 6.41 6.40 6.39 6.37 6.36 6.35 6.34 6.32 6.31 6.30 6.29 6.27 6.26 6.25 6.24 6.22 6.21 6.20 6.19
  * 7.67 7.66 7.65 7.64 7.62 7.61 7.60 7.59 7.57 7.56 7.55 7.54 7.52 7.51 7.50 7.49 7.47 7.46 7.45 7.44 7.42 7.41 7.40 7.39 7.37 7.36 7.35 7.34 7.32 7.31 7.30 7.29 7.27 7.26 7.25 7.24 7.22 7.21 7.20 7.19
  * 8.67 8.66 8.65 8.64 8.62 8.61 8.60 8.59 8.57 8.56 8.55 8.54 8.52 8.51 8.50 8.49 8.47 8.46 8.45 8.44 8.42 8.41 8.40 8.39 8.37 8.36 8.35 8.34 8.32 8.31 8.30 8.29 8.27 8.26 8.25 8.24 8.22 8.21 8.20 8.19
  * 9.67 9.66 9.65 9.64 9.62 9.61 9.60 9.59 9.57 9.56 9.55 9.54 9.52 9.51 9.50 9.49 9.47 9.46 9.45 9.44 9.42 9.41 9.40 9.39 9.37 9.36 9.35 9.34 9.32 9.31 9.30 9.29 9.27 9.26 9.25 9.24 9.22 9.21 9.20 9.19
  * 10.67 10.66 10.65 10.64 10.62 10.61 10.60 10.59 10.57 10.56 10.55 10.54 10.52 10.51 10.50 10.49 10.47 10.46 10.45 10.44 10.42 10.41 10.40 10.39 10.37 10.36 10.35 10.34 10.32 10.31 10.30 10.29 10.27 10.26 10.25 10.24 10.22 10.21 10.20 10.19
  * 11.67 11.66 11.65 11.64 11.62 11.61 11.60 11.59 11.57 11.56 11.55 11.54 11.52 11.51 11.50 11.49 11.47 11.46 11.45 11.44 11.42 11.41 11.40 11.39 11.37 11.36 11.35 11.34 11.32 11.31 11.30 11.29 11.27 11.26 11.25 11.24 11.22 11.21 11.20 11.19
  * 12.67 12.66 12.65 12.64 12.62 12.61 12.60 12.59 12.57 12.56 12.55 12.54 12.52 12.51 12.50 12.49 12.47 12.46 12.45 12.44 12.42 12.41 12.40 12.39 12.37 12.36 12.35 12.34 12.32 12.31 12.30 12.29 12.27 12.26 12.25 12.24 12.22 12.21 12.20 12.19
  * 13.67 13.66 13.65 13.64 13.62 13.61 13.60 13.59 13.57 13.56 13.55 13.54 13.52 13.51 13.50 13.49 13.47 13.46 13.45 13.44 13.42 13.41 13.40 13.39 13.37 13.36 13.35 13.34 13.32 13.31 13.30 13.29 13.27 13.26 13.25 13.24 13.22 13.21 13.20 13.19
  * 14.67 14.66 14.65 14.64 14.62 14.61 14.60 14.59 14.57 14.56 14.55 14.54 14.52 14.51 14.50 14.49 14.47 14.46 14.45 14.44 14.42 14.41 14.40 14.39 14.37 14.36 14.35 14.34 14.32 14.31 14.30 14.29 14.27 14.26 14.25 14.24 14.22 14.21 14.20 14.19
  * 15.67 15.66 15.65 15.64 15.62 15.61 15.60 15.59 15.57 15.56 15.55 15.54 15.52 15.51 15.50 15.49 15.47 15.46 15.45 15.44 15.42 15.41 15.40 15.39 15.37 15.36 15.35 15.34 15.32 15.31 15.30 15.29 15.27 15.26 15.25 15.24 15.22 15.21 15.20 15.19
  * 16.67 16.66 16.65 16.64 16.62 16.61 16.60 16.59 16.57 16.56 16.55 16.54 16.52 16.51 16.50 16.49 16.47 16.46 16.45 16.44 16.42 16.41 16.40 16.39 16.37 16.36 16.35 16.34 16.32 16.31 16.30 16.29 16.27 16.26 16.25 16.24 16.22 16.21 16.20 16.19
  * 17.67 17.66 17.65 17.64 17.62 17.61 17.60 17.59 17.57 17.56 17.55 17.54 17.52 17.51 17.50 17.49 17.47 17.46 17.45 17.44 17.42 17.41 17.40 17.39 17.37 17.36 17.35 17.34 17.32 17.31 17.30 17.29 17.27 17.26 17.25 17.24 17.22 17.21 17.20 17.19
  * 18.67 18.66 18.65 18.64 18.62 18.61 18.60 18.59 18.57 18.56 18.55 18.54 18.52 18.51 18.50 18.49 18.47 18.46 18.45 18.44 18.42 18.41 18.40 18.39 18.37 18.36 18.35 18.34 18.32 18.31 18.30 18.29 18.27 18.26 18.25 18.24 18.22 18.21 18.20 18.19
  * 19.67 19.66 19.65 19.64 19.62 19.61 19.60 19.59 19.57 19.56 19.55 19.54 19.52 19.51 19.50 19.49 19.47 19.46 19.45 19.44 19.42 19.41 19.40 19.39 19.37 19.36 19.35 19.34 19.32 19.31 19.30 19.29 19.27 19.26 19.25 19.24 19.22 19.21 19.20 19.19
  * 20.67 20.66 20.65 20.64 20.62 20.61 20.60 20.59 20.57 20.56 20.55 20.54 20.52 20.51 20.50 20.49 20.47 20.46 20.45 20.44 20.42 20.41 20.40 20.39 20.37 20.36 20.35 20.34 20.32 20.31 20.30 20.29 20.27 20.26 20.25 20.24 20.22 20.21 20.20 20.19
  * 21.67 21.66 21.65 21.64 21.62 21.61 21.60 21.59 21.57 21.56 21.55 21.54 21.52 21.51 21.50 21.49 21.47 21.46 21.45 21.44 21.42 21.41 21.40 21.39 21.37 21.36 21.35 21.34 21.32 21.31 21.30 21.29 21.27 21.26 21.25 21.24 21.22 21.21 21.20 21.19
  * 22.67 22.66 22.65 22.64 22.62 22.61 22.60 22.59 22.57 22.56 22.55 22.54 22.52 22.51 22.50 22.49 22.47 22.46 22.45 22.44 22.42 22.41 22.40 22.39 22.37 22.36 22.35 22.34 22.32 22.31 22.30 22.29 22.27 22.26 22.25 22.24 22.22 22.21 22.20 22.19
  * 23.67 23.66 23.65 23.64 23.62 23.61 23.60 23.59 23.57 23.56 23.55 23.54 23.52 23.51 23.50 23.49 23.47 23.46 23.45 23.44 23.42 23.41 23.40 23.39 23.37 23.36 23.35 23.34 23.32 23.31 23.30 23.29 23.27 23.26 23.25 23.24 23.22 23.21 23.20 23.19
  * 24.67 24.66 24.65 24.64 24.62 24.61 24.60 24.59 24.57 24.56 24.55 24.54 24.52 24.51 24.50 24.49 24.47 24.46 24.45 24.44 24.42 24.41 24.40 24.39 24.37 24.36 24.35 24.34 24.32 24.31 24.30 24.29 24.27 24.26 24.25 24.24 24.22 24.21 24.20 24.19
  * 25.67 25.66 25.65 25.64 25.62 25.61 25.60 25.59 25.57 25.56 25.55 25.54 25.52 25.51 25.50 25.49 25.47 25.46 25.45 25.44 25.42 25.41 25.40 25.39 25.37 25.36 25.35 25.34 25.32 25.31 25.30 25.29 25.27 25.26 25.25 25.24 25.22 25.21 25.20 25.19
  * 26.67 26.66 26.65 26.64 26.62 26.61 26.60 26.59 26.57 26.56 26.55 26.54 26.52 26.51 26.50 26.49 26.47 26.46 26.45 26.44 26.42 26.41 26.40 26.39 26.37 26.36 26.35 26.34 26.32 26.31 26.30 26.29 26.27 26.26 26.25 26.24 26.22 26.21 26.20 26.19
  * 27.67 27.66 27.65 27.64 27.62 27.61 27.60 27.59 27.57 27.56 27.55 27.54 27.52 27.51 27.50 27.49 27.47 27.46 27.45 27.44 27.42 27.41 27.40 27.39 27.37 27.36 27.35 27.34 27.32 27.31 27.30 27.29 27.27 27.26 27.25 27.24 27.22 27.21 27.20 27.19
  * 28.67 28.66 28.65 28.64 28.62 28.61 28.60 28.59 28.57 28.56 28.55 28.54 28.52 28.51 28.50 28.49 28.47 28.46 28.45 28.44 28.42 28.41 28.40 28.39 28.37 28.36 28.35 28.34 28.32 28.31 28.30 28.29 28.27 28.26 28.25 28.24 28.22 28.21 28.20 28.19
  * 29.67 29.66 29.65 29.64 29.62 29.61 29.60 29.59 29.57 29.56 29.55 29.54 29.52 29.51 29.50 29.49 29.47 29.46 29.45 29.44 29.42 29.41 29.40 29.39 29.37 29.36 29.35 29.34 29.32 29.31 29.30 29.29 29.27 29.26 29.25 29.24 29.22 29.21 29.20 29.19
  * 30.67 30.66 30.65 30.64 30.62 30.61 30.60 30.59 30.57 30.56 30.55 30.54 30.52 30.51 30.50 30.49 30.47 30.46 30.45 30.44 30.42 30.41 30.40 30.39 30.37 30.36 30.35 30.34 30.32 30.31 30.30 30.29 30.27 30.26 30.25 30.24 30.22 30.21 30.20 30.19
  * 31.67 31.66 31.65 31.64 31.62 31.61 31.60 31.59 31.57 31.56 31.55 31.54 31.52 31.51 31.50 31.49 31.47 31.46 31.45 31.44 31.42 31.41 31.40 31.39 31.37 31.36 31.35 31.34 31.32 31.31 31.30 31.29 31.27 31.26 31.25 31.24 31.22 31.21 31.20 31.19
  * 32.67 32.66 32.65 32.64 32.62 32.61 32.60 32.59 32.57 32.56 32.55 32.54 32.52 32.51 32.50 32.49 32.47 32.46 32.45 32.44 32.42 32.41 32.40 32.39 32.37 32.36 32.35 32.34 32.32 32.31 32.30 32.29 32.27 32.26 32.25 32.24 32.22 32.21 32.20 32.19
  * 33.67 33.66 33.65 33.64 33.62 33.61 33.60 33.59 33.57 33.56 33.55 33.54 33.52 33.51 33.50 33.49 33.47 33.46 33.45 33.44 33.42 33.41 33.40 33.39 33.37 33.36 33.35 33.34 33.32 33.31 33.30 33.29 33.27 33.26 33.25 33.24 33.22 33.21 33.20 33.19
  * 34.67 34.66 34.65 34.64 34.62 34.61 34.60 34.59 34.57 34.56 34.55 34.54 34.52 34.51 34.50 34.49 34.47 34.46 34.45 34.44 34.42 34.41 34.40 34.39 34.37 34.36 34.35 34.34 34.32 34.31 34.30 34.29 34.27 34.26 34.25 34.24 34.22 34.21 34.20 34.19
  * 35.67 35.66 35.65 35.64 35.62 35.61 35.60 35.59 35.57 35.56 35.55 35.54 35.52 35.51 35.50 35.49 35.47 35.46 35.45 35.44 35.42 35.41 35.40 35.39 35.37 35.36 35.35 35.34 35.32 35.31 35.30 35.29 35.27 35.26 35.25 35.24 35.22 35.21 35.20 35.19
  * 36.67 36.66 36.65 36.64 36.62 36.61 36.60 36.59 36.57 36.56 36.55 36.54 36.52 36.51 36.50 36.49 36.47 36.46 36.45 36.44 36.42 36.41 36.40 36.39 36.37 36.36 36.35 36.34 36.32 36.31 36.30 36.29 36.27 36.26 36.25 36.24 36.22 36.21 36.20 36.19
  * 37.67 37.66 37.65 37.64 37.62 37.61 37.60 37.59 37.57 37.56 37.55 37.54 37.52 37.51 37.50 37.49 37.47 37.46 37.45 37.44 37.42 37.41 37.40 37.39 37.37 37.36 37.35 37.34 37.32 37.31 37.30 37.29 37.27 37.26 37.25 37.24 37.22 37.21 37.20 37.19
  * 38.67 38.66 38.65 38.64 38.62 38.61 38.60 38.59 38.57 38.56 38.55 38.54 38.52 38.51 38.50 38.49 38.47 38.46 38.45 38.44 38.42 38.41 38.40 38.39 38.37 38.36 38.35 38.34 38.32 38.31 38.30 38.29 38.27 38.26 38.25 38.24 38.22 38.21 38.20 38.19
  * 39.67 39.66 39.65 39.64 39.62 39.61 39.60 39.59 39.57 39.56 39.55 39.54 39.52 39.51 39.50 39.49 39.47 39.46 39.45 39.44 39.42 39.41 39.40 39.39 39.37 39.36 39.35 39.34 39.32 39.31 39.30 39.29 39.27 39.26 39.25 39.24 39.22 39.21 39.20 39.19
  * 40.67 40.66 40.65 40.64 40.62 40.61 40.60 40.59 40.57 40.56 40.55 40.54 40.52 40.51 40.50 40.49 40.47 40.46 40.45 40.44 40.42 40.41 40.40 40.39 40.37 40.36 40.35 40.34 40.32 40.31 40.30 40.29 40.27 40.26 40.25 40.24 40.22 40.21 40.20 40.19
  * 41.67 41.66 41.65 41.64 41.62 41.61 41.60 41.59 41.57 41.56 41.55 41.54 41.52 41.51 41.50 41.49 41.47 41.46 41.45 41.44 41.42 41.41 41.40 41.39 41.37 41.36 41.35 41.34 41.32 41.31 41.30 41.29 41.27 41.26 41.25 41.24 41.22 41.21 41.20 41.19
  * 42.67 42.66 42.65 42.64 42.62 42.61 42.60 42.59 42.57 42.56 42.55 42.54 42.52 42.51 42.50 42.49 42.47 42.46 42.45 42.44 42.42 42.41 42.40 42.39 42.37 42.36 42.35 42.34 42.32 42.31 42.30 42.29 42.27 42.26 42.25 42.24 42.22 42.21 42.20 42.19
  * 43.67 43.66 43.65 43.64 43.62 43.61 43.60 43.59 43.57 43.56 43.55 43.54 43.52 43.51 43.50 43.49 43.47 43.46 43.45 43.44 43.42 43.41 43.40 43.39 43.37 43.36 43.35 43.34 43.32 43.31 43.30 43.29 43.27 43.26 43.25 43.24 43.22 43.21 43.20 43.19
  * 44.67 44.66 44.65 44.64 44.62 44.61 44.60 44.59 44.57 44.56 44.55 44.54 44.52 44.51 44.50 44.49 44.47 44.46 44.45 44.44 44.42 44.41 44.40 44.39 44.37 44.36 44.35 44.34 44.32 44.31 44.30 44.29 44.27 44.26 44.25 44.24 44.22 44.21 44.20 44.19
  * 45.67 45.66 45.65 45.64 45.62 45.61 45.60 45.59 45.57 45.56 45.55 45.54 45.52 45.51 45.50 45.49 45.47 45.46 45.45 45.44 45.42 45.41 45.40 45.39 45.37 45.36 45.35 45.34 45.32 45.31 45.30 45.29 45.27 45.26 45.25 45.24 45.22 45.21 45.20 45.19
  * 46.67 46.66 46.65 46.64 46.62 46.61 46.60 46.59 46.57 46.56 46.55 46.54 46.52 46.51 46.50 46.49 46.47 46.46 46.45 46.44 46.42 46.41 46.40 46.39 46.37 46.36 46.35 46.34 46.32 46.31 46.30 46.29 46.27 46.26 46.25 46.24 46.22 46.21 46.20 46.19
  * 47.67 47.66 47.65 47.64 47.62 47.61 47.60 47.59 47.57 47.56 47.55 47.54 47.52 47.51 47.50 47.49 47.47 47.46 47.45 47.44 47.42 47.41 47.40 47.39 47.37 47.36 47.35 47.34 47.32 47.31 47.30 47.29 47.27 47.26 47.25 47.24 47.22 47.21 47.20 47.19
  * 48.67 48.66 48.65 48.64 48.62 48.61 48.60 48.59 48.57 48.56 48.55 48.54 48.52 48.51 48.50 48.49 48.47 48.46 48.45 48.44 48.42 48.41 48.40 48.39 48.37 48.36 48.35 48.34 48.32 48.31 48.30 48.29 48.27 48.26 48.25 48.24 48.22 48.21 48.20 48.19
  * 49.67 49.66 49.65 49.64 49.62 49.61 49.60 49.59 49.57 49.56 49.55 49.54 49.52 49.51 49.50 49.49 49.47 49.46 49.45 49.44 49.42 49.41 49.40 49.39 49.37 49.36 49.35 49.34 49.32 49.31 49.30 49.29 49.27 49.26 49.25 49.24 49.22 49.21 49.20 49.19
  * 50.67 50.66 50.65 50.64 50.62 50.61 50.60 50.59 50.57 50.56 50.55 50.54 50.52 50.51 50.50 50.49 50.47 50.46 50.45 50.44 50.42 50.41 50.40 50.39 50.37 50.36 50.35 50.34 50.32 50.31 50.30 50.29 50.27 50.26 50.25 50.24 50.22 50.21 50.20 50.19
  * 51.67 51.66 51.65 51.64 51.62 51.61 51.60 51.59 51.57 51.56 51.55 51.54 51.52 51.51 51.50 51.49 51.47 51.46 51.45 51.44 51.42 51.41 51.40 51.39 51.37 51.36 51.35 51.34 51.32 51.31 51.30 51.29 51.27 51.26 51.25 51.24 51.22 51.21 51.20 51.19
  * 52.67 52.66 52.65 52.64 52.62 52.61 52.60 52.59 52.57 52.56 52.55 52.54 52.52 52.51 52.50 52.49 52.47 52.46 52.45 52.44 52.42 52.41 52.40 52.39 52.37 52.36 52.35 52.34 52.32 52.31 52.30 52.29 52.27 52.26 52.25 52.24 52.22 52.21 52.20 52.19
  * 53.67 53.66 53.65 53.64 53.62 53.61 53.60 53.59 53.57 53.56 53.55 53.54 53.52 53.51 53.50 53.49 53.47 53.46 53.45 53.44 53.42 53.41 53.40 53.39 53.37 53.36 53.35 53.34 53.32 53.31 53.30 53.29 53.27 53.26 53.25 53.24 53.22 53.21 53.20 53.19
  * 54.67 54.66 54.65 54.64 54.62 54.61 54.60 54.59 54.57 54.56 54.55 54.54 54.52 54.51 54.50 54.49 54.47 54.46 54.45 54.44 54.42 54.41 54.40 54.39 54.37 54.36 54.35 54.34 54.32 54.31 54.30 54.29 54.27 54.26 54.25 54.24 54.22 54.21 54.20 54.19
  * 55.67 55.66 55.65 55.64 55.62 55.61 55.60 55.59 55.57 55.56 55.55 55.54 55.52 55.51 55.50 55.49 55.47 55.46 55.45 55.44 55.42 55.41 55.40 55.39 55.37 55.36 55.35 55.34 55.32 55.31 55.30 55.29 55.27 55.26 55.25 55.24 55.22 55.21 55.20 55.19
  * 56.67 56.66 56.65 56.64 56.62 56.61 56.60 56.59 56.57 56.56 56.55 56.54 56.52 56.51 56.50 56.49 56.47 56.46 56.45 56.44 56.42 56.41 56.40 56.39 56.37 56.36 56.35 56.34 56.32 56.31 56.30 56.29 56.27 56.26 56.25 56.24 56.22 56.21 56.20 56.19
  * 57.67 57.66 57.65 57.64 57.62 57.61 57.60 57.59 57.57 57.56 57.55 57.54 57.52 57.51 57.50 57.49 57.47 57.46 57.45 57.44 57.42 57.41 57.40 57.39 57.37 57.36 57.35 57.34 57.32 57.31 57.30 57.29 57.27 57.26 57.25 57.24 57.22 57.21 57.20 57.19
  * 58.67 58.66 58.65 58.64 58.62 58.61 58.60 58.59 58.57 58.56 58.55 58.54 58.52 58.51 58.50 58.49 58.47 58.46 58.45 58.44 58.42 58.41 58.40 58.39 58.37 58.36 58.35 58.34 58.32 58.31 58.30 58.29 58.27 58.26 58.25 58.24 58.22 58.21 58.20 58.19
  * 59.67 59.66 59.65 59.64 59.62 59.61 59.60 59.59 59.57 59.56 59.55 59.54 59.52 59.51 59.50 59.49 59.47 59.46 59.45 59.44 59.42 59.41 59.40 59.39 59.37 59.36 59.35 59.34 59.32 59.31 59.30 59.29 59.27 59.26 59.25 59.24 59.22 59.21 59.20 59.19
  * 60.67 60.66 60.65 60.64 60.62 60.61 60.60 60.59 60.57 60.56 60.55 60.54 60.52 60.51 60.50 60.49 60.47 60.46 60.45 60.44 60.42 60.41 60.40 60.39 60.37 60.36 60.35 60.34 60.32 60.31 60.30 60.29 60.27 60.26 60.25 60.24 60.22 60.21 60.20 60.19
  * 61.67 61.66 61.65 61.64 61.62 61.61 61.60 61.59 61.57 61.56 61.55 61.54 61.52 61.51 61.50 61.49 61.47 61.46 61.45 61.44 61.42 61.41 61.40 61.39 61.37 61.36 61.35 61.34 61.32 61.31 61.30 61.29 61.27 61.26 61.25 61.24 61.22 61.21 61.20 61.19
  * 62.67 62.66 62.65 62.64 62.62 62.61 62.60 62.59 62.57 62.56 62.55 62.54 62.52 62.51 62.50 62.49 62.47 62.46 62.45 62.44 62.42 62.41 62.40 62.39 62.37 62.36 62.35 62.34 62.32 62.31 62.30 62.29 62.27 62.26 62.25 62.24 62.22 62.21 62.20 62.19
  * 63.67 63.66 63.65 63.64 63.62 63.61 63.60 63.59 63.57 63.56 63.55 63.54 63.52 63.51 63.50 63.49 63.47 63.46 63.45 63.44 63.42 63.41 63.40 63.39 63.37 63.36 63.35 63.34 63.32 63.31 63.30 63.29 63.27 63.26 63.25 63.24 63.22 63.21 63.20 63.19
  * 64.67 64.66 64.65 64.64 64.62 64.61 64.60 64.59 64.57 64.56 64.55 64.54 64.52 64.51 64.50 64.49 64.47 64.46 64.45 64.44 64.42 64.41 64.40 64.39 64.37 64.36 64.35 64.34 64.32 64.31 64.30 64.29 64.27 64.26 64.25 64.24 64.22 64.21 64.20 64.19
  * 65.67 65.66 65.65 65.64 65.62 65.61 65.60 65.59 65.57 65.56 65.55 65.54 65.52 65.51 65.50 65.49 65.47 65.46 65.45 65.44 65.42 65.41 65.40 65.39 65.37 65.36 65.35 65.34 65.32 65.31 65.30 65.29 65.27 65.26 65.25 65.24 65.22 65.21 65.20 65.19
  * 66.67 66.66 66.65 66.64 66.62 66.61 66.60 66.59 66.57 66.56 66.55 66.54 66.52 66.51 66.50 66.49 66.47 66.46 66.45 66.44 66.42 66.41 66.40 66.39 66.37 66.36 66.35 66.34 66.32 66.31 66.30 66.29 66.27 66.26 66.25 66.24 66.22 66.21 66.20 66.19
  * 67.67 67.66 67.65 67.64 67.62 67.61 67.60 67.59 67.57 67.56 67.55 67.54 67.52 67.51 67.50 67.49 67.47 67.46 67.45 67.44 67.42 67.41 67.40 67.39 67.37 67.36 67.35 67.34 67.32 67.31 67.30 67.29 67.27 67.26 67.25 67.24 67.22 67.21 67.20 67.19
  * 68.67 68.66 68.65 68.64 68.62 68.61 68.60 68.59 68.57 68.56 68.55 68.54 68.52 68.51 68.50 68.49 68.47 68.46 68.45 68.44 68.42 68.41 68.40 68.39 68.37 68.36 68.35 68.34 68.32 68.31 68.30 68.29 68.27 68.26 68.25 68.24 68.22 68.21 68.20 68.19
  * 69.67 69.66 69.65 69.64 69.62 69.61 69.60 69.59 69.57 69.56 69.55 69.54 69.52 69.51 69.50 69.49 69.47 69.46 69.45 69.44 69.42 69.41 69.40 69.39 69.37 69.36 69.35 69.34 69.32 69.31 69.30 69.29 69.27 69.26 69.25 69.24 69.22 69.21 69.20 69.19
  * 70.67 70.66 70.65 70.64 70.62 70.61 70.60 70.59 70.57 70.56 70.55 70.54 70.52 70.51 70.50 70.49 70.47 70.46 70.45 70.44 70.42 70.41 70.40 70.39 70.37 70.36 70.35 70.34 70.32 70.31 70.30 70.29 70.27 70.26 70.25 70.24 70.22 70.21 70.20 70.19
  * 71.67 71.66 71.65 71.64 71.62 71.61 71.60 71.59 71.57 71.56 71.55 71.54 71.52 71.51 71.50 71.49 71.47 71.46 71.45 71.44 71.42 71.41 71.40 71.39 71.37 71.36 71.35 71.34 71.32 71.31 71.30 71.29 71.27 71.26 71.25 71.24 71.22 71.21 71.20 71.19
  * 72.67 72.66 72.65 72.64 72.62 72.61 72.60 72.59 72.57 72.56 72.55 72.54 72.52 72.51 72.50 72.49 72.47 72.46 72.45 72.44 72.42 72.41 72.40 72.39 72.37 72.36 72.35 72.34 72.32 72.31 72.30 72.29 72.27 72.26 72.25 72.24 72.22 72.21 72.20 72.19
  * 73.67 73.66 73.65 73.64 73.62 73.61 73.60 73.59 73.57 73.56 73.55 73.54 73.52 73.51 73.50 73.49 73.47 73.46 73.45 73.44 73.42 73.41 73.40 73.39 73.37 73.36 73.35 73.34 73.32 73.31 73.30 73.29 73.27 73.26 73.25 73.24 73.22 73.21 73.20 73.19
  * 74.67 74.66 74.65 74.64 74.62 74.61 74.60 74.59 74.57 74.56 74.55 74.54 74.52 74.51 74.50 74.49 74.47 74.46 74.45 74.44 74.42 74.41 74.40 74.39 74.37 74.36 74.35 74.34 74.32 74.31 74.30 74.29 74.27 74.26 74.25 74.24 74.22 74.21 74.20 74.19
  * 75.67 75.66 75.65 75.64 75.62 75.61 75.60 75.59 75.57 75.56 75.55 75.54 75.52 75.51 75.50 75.49 75.47 75.46 75.45 75.44 75.42 75.41 75.40 75.39 75.37 75.36 75.35 75.34 75.32 75.31 75.30 75.29 75.27 75.26 75.25 75.24 75.22 75.21 75.20 75.19
  * 76.67 76.66 76.65 76.64 76.62 76.61 76.60 76.59 76.57 76.56 76.55 76.54 76.52 76.51 76.50 76.49 76.47 76.46 76.45 76.44 76.42 76.41 76.40 76.39 76.37 76.36 76.35 76.34 76.32 76.31 76.30 76.29 76.27 76.26 76.25 76.24 76.22 76.21 76.20 76.19
  * 77.67 77.66 77.65 77.64 77.62 77.61 77.60 77.59 77.57 77.56 77.55 77.54 77.52 77.51 77.50 77.49 77.47 77.46 77.45 77.44 77.42 77.41 77.40 77.39 77.37 77.36 77.35 77.34 77.32 77.31 77.30 77.29 77.27 77.26 77.25 77.24 77.22 77.21 77.20 77.19
  * 78.67 78.66 78.65 78.64 78.62 78.61 78.60 78.59 78.57 78.56 78.55 78.54 78.52 78.51 78.50 78.49 78.47 78.46 78.45 78.44 78.42 78.41 78.40 78.39 78.37 78.36 78.35 78.34 78.32 78.31 78.30 78.29 78.27 78.26 78.25 78.24 78.22 78.21 78.20 78.19
  * 79.67 79.66 79.65 79.64 79.62 79.61 79.60 79.59 79.57 79.56 79.55 79.54 79.52 79.51 79.50 79.49 79.47 79.46 79.45 79.44 79.42 79.41 79.40 79.39 79.37 79.36 79.35 79.34 79.32 79.31 79.30 79.29 79.27 79.26 79.25 79.24 79.22 79.21 79.20 79.19
  * 80.67 80.66 80.65 80.64 80.62 80.61 80.60 80.59 80.57 80.56 80.55 80.54 80.52 80.51 80.50 80.49 80.47 80.46 80.45 80.44 80.42 80.41 80.40 80.39 80.37 80.36 80.35 80.34 80.32 80.31 80.30 80.29 80.27 80.26 80.25 80.24 80.22 80.21 80.20 80.19
  * 81.67 81.66 81.65 81.64 81.62 81.61 81.60 81.59 81.57 81.56 81.55 81.54 81.52 81.51 81.50 81.49 81.47 81.46 81.45 81.44 81.42 81.41 81.40 81.39 81.37 81.36 81.35 81.34 81.32 81.31 81.30 81.29 81.27 81.26 81.25 81.24 81.22 81.21 81.20 81.19
  * 82.67 82.66 82.65 82.64 82.62 82.61 82.60 82.59 82.57 82.56 82.55 82.54 82.52 82.51 82.50 82.49 82.47 82.46 82.45 82.44 82.42 82.41 82.40 82.39 82.37 82.36 82.35 82.34 82.32 82.31 82.30 82.29 82.27 82.26 82.25 82.24 82.22 82.21 82.20 82.19
  * 83.67 83.66 83.65 83.64 83.62 83.61 83.60 83.59 83.57 83.56 83.55 83.54 83.52 83.51 83.50 83.49 83.47 83.46 83.45 83.44 83.42 83.41 83.40 83.39 83.37 83.36 83.35 83.34 83.32 83.31 83.30 83.29 83.27 83.26 83.25 83.24 83.22 83.21 83.20 83.19
  * 84.67 84.66 84.65 84.64 84.62 84.61 84.60 84.59 84.57 84.56 84.55 84.54 84.52 84.51 84.50 84.49 84.47 84.46 84.45 84.44 84.42 84.41 84.40 84.39 84.37 84.36 84.35 84.34 84.32 84.31 84.30 84.29 84.27 84.26 84.25 84.24 84.22 84.21 84.20 84.19
  * 85.67 85.66 85.65 85.64 85.62 85.61 85.60 85.59 85.57 85.56 85.55 85.54 85.52 85.51 85.50 85.49 85.47 85.46 85.45 85.44 85.42 85.41 85.40 85.39 85.37 85.36 85.35 85.34 85.32 85.31 85.30 85.29 85.27 85.26 85.25 85.24 85.22 85.21 85.20 85.19
  * 86.67 86.66 86.65 86.64 86.62 86.61 86.60 86.59 86.57 86.56 86.55 86.54 86.52 86.51 86.50 86.49 86.47 86.46 86.45 86.44 86.42 86.41 86.40 86.39 86.37 86.36 86.35 86.34 86.32 86.31 86.30 86.29 86.27 86.26 86.25 86.24 86.22 86.21 86.20 86.19
  * 87.67 87.66 87.65 87.64 87.62 87.61 87.60 87.59 87.57 87.56 87.55 87.54 87.52 87.51 87.50 87.49 87.47 87.46 87.45 87.44 87.42 87.41 87.40 87.39 87.37 87.36 87.35 87.34 87.32 87.31 87.30 87.29 87.27 87.26 87.25 87.24 87.22 87.21 87.20 87.19
  * 88.67 88.66 88.65 88.64 88.62 88.61 88.60 88.59 88.57 88.56 88.55 88.54 88.52 88.51 88.50 88.49 88.47 88.46 88.45 88.44 88.42 88.41 88.40 88.39 88.37 88.36 88.35 88.34 88.32 88.31 88.30 88.29 88.27 88.26 88.25 88.24 88.22 88.21 88.20 88.19
  * 89.67 89.66 89.65 89.64 89.62 89.61 89.60 89.59 89.57 89.56 89.55 89.54 89.52 89.51 89.50 89.49 89.47 89.46 89.45 89.44 89.42 89.41 89.40 89.39 89.37 89.36 89.35 89.34 89.32 89.31 89.30 89.29 89.27 89.26 89.25 89.24 89.22 89.21 89.20 89.19
  * 90.67 90.66 90.65 90.64 90.62 90.61 90.60 90.59 90.57 90.56 90.55 90.54 90.52 90.51 90.50 90.49 90.47 90.46 90.45 90.44 90.42 90.41 90.40 90.39 90.37 90.36 90.35 90.34 90.32 90.31 90.30 90.29 90.27 90.26 90.25 90.24 90.22 90.21 90.20 90.19
  * 91.67 91.66 91.65 91.64 91.62 91.61 91.60 91.59 91.57 91.56 91.55 91.54 91.52 91.51 91.50 91.49 91.47 91.46 91.45 91.44 91.42 91.41 91.40 91.39 91.37 91.36 91.35 91.34 91.32 91.31 91.30 91.29 91.27 91.26 91.25 91.24 91.22 91.21 91.20 91.19
  * 92.67 92.66 92.65 92.64 92.62 92.61 92.60 92.59 92.57 92.56 92.55 92.54 92.52 92.51 92.50 92.49 92.47 92.46 92.45 92.44 92.42 92.41 92.40 92.39 92.37 92.36 92.35 92.34 92.32 92.31 92.30 92.29 92.27 92.26 92.25 92.24 92.22 92.21 92.20 92.19
  * 93.67 93.66 93.65 93.64 93.62 93.61 93.60 93.59 93.57 93.56 93.55 93.54 93.52 93.51 93.50 93.49 93.47 93.46 93.45 93.44 93.42 93.41 93.40 93.39 93.37 93.36 93.35 93.34 93.32 93.31 93.30 93.29 93.27 93.26 93.25 93.24 93.22 93.21 93.20 93.19
  * 94.67 94.66 94.65 94.64 94.62 94.61 94.60 94.59 94.57 94.56 94.55 94.54 94.52 94.51 94.50 94.49 94.47 94.46 94.45 94.44 94.42 94.41 94.40 94.39 94.37 94.36 94.35 94.34 94.32 94.31 94.30 94.29 94.27 94.26 94.25 94.24 94.22 94.21 94.20 94.19
  * 95.67 95.66 95.65 95.64 95.62 95.61 95.60 95.59 95.57 95.56 95.55 95.54 95.52 95.51 95.50 95.49 95.47 95.46 95.45 95.44 95.42 95.41 95.40 95.39 95.37 95.36 95.35 95.34 95.32 95.31 95.30 95.29 95.27 95.26 95.25 95.24 95.22 95.21 95.20 95.19
  * 96.67 96.66 96.65 96.64 96.62 96.61 96.60 96.59 96.57 96.56 96.55 96.54 96.52 96.51 96.50 96.49 96.47 96.46 96.45 96.44 96.42 96.41 96.40 96.39 96.37 96.36 96.35 96.34 96.32 96.31 96.30 96.29 96.27 96.26 96.25 96.24 96.22 96.21 96.20 96.19
  * 97.67 97.66 97.65 97.64 97.62 97.61 97.60 97.59 97.57 97.56 97.55 97.54 97.52 97.51 97.50 97.49 97.47 97.46 97.45 97.44 97.42 97.41 97.40 97.39 97.37 97.36 97.35 97.34 97.32 97.31 97.30 97.29 97.27 97.26 97.25 97.24 97.22 97.21 97.20 97.19
  * 98.67 98.66 98.65 98.64 98.62 98.61 98.60 98.59 98.57 98.56 98.55 98.54 98.52 98.51 98.50 98.49 98.47 98.46 98.45 98.44 98.42 98.41 98.40 98.39 98.37 98.36 98.35 98.34 98.32 98.31 98.30 98.29 98.27 98.26 98.25 98.24 98.22 98.21 98.20 98.19
  * 99.67 99.66 99.65 99.64 99.62 99.61 99.60 99.59 99.57 99.56 99.55 99.54 99.52 99.51 99.50 99.49 99.47 99.46 99.45 99.44 99.42 99.41 99.40 99.39 99.37 99.36 99.35 99.34 99.32 99.31 99.30 99.29 99.27 99.26 99.25 99.24 99.22 99.21 99.20 99.19
  * 100.67 100.66 100.65 100.64 100.62 100.61 100.60 100.59 100.57 100.56 100.55 100.54 100.52 100.51 100.50 100.49 100.47 100.46 100.45 100.44 100.42 100.41 100.40 100.39 100.37 100.36 100.35 100.34 100.32 100.31 100.30 100.29 100.27 100.26 100.25 100.24 100.22 100.21 100.20 100.19
  * 101.67 101.66 101.65 101.64 101.62 101.61 101.60 101.59 101.57 101.56 101.55 101.54 101.52 101.51 101.50 101.49 101.47 101.46 101.45 101.44 101.42 101.41 101.40 101.39 101.37 101.36 101.35 101.34 101.32 101.31 101.30 101.29 101.27 101.26 101.25 101.24 101.22 101.21 101.20 101.19
  * 102.67 102.66 102.65 102.64 102.62 102.61 102.60 102.59 102.57 102.56 102.55 102.54 102.52 102.51 102.50 102.49 102.47 102.46 102.45 102.44 102.42 102.41 102.40 102.39 102.37 102.36 102.35 102.34 102.32 102.31 102.30 102.29 102.27 102.26 102.25 102.24 102.22 102.21 102.20 102.19
  * 103.67 103.66 103.65 103.64 103.62 103.61 103.60 103.59 103.57 103.56 103.55 103.54 103.52 103.51 103.50 103.49 103.47 103.46 103.45 103.44 103.42 103.41 103.40 103.39 103.37 103.36 103.35 103.34 103.32 103.31 103.30 103.29 103.27 103.26 103.25 103.24 103.22 103.21 103.20 103.19
  * 104.67 104.66 104.65 104.64 104.62 104.61 104.60 104.59 104.57 104.56 104.55 104.54 104.52 104.51 104.50 104.49 104.47 104.46 104.45 104.44 104.42 104.41 104.40 104.39 104.37 104.36 104.35 104.34 104.32 104.31 104.30 104.29 104.27 104.26 104.25 104.24 104.22 104.21 104.20 104.19
  * 105.67 105.66 105.65 105.64 105.62 105.61 105.60 105.59 105.57 105.56 105.55 105.54 105.52 105.51 105.50 105.49 105.47 105.46 105.45 105.44 105.42 105.41 105.40 105.39 105.37 105.36 105.35 105.34 105.32 105.31 105.30 105.29 105.27 105.26 105.25 105.24 105.22 105.21 105.20 105.19
  * 106.67 106.66 106.65 106.64 106.62 106.61 106.60 106.59 106.57 106.56 106.55 106.54 106.52 106.51 106.50 106.49 106.47 106.46 106.45 106.44 106.42 106.41 106.40 106.39 106.37 106.36 106.35 106.34 106.32 106.31 106.30 106.29 106.27 106.26 106.25 106.24 106.22 106.21 106.20 106.19
  * 107.67 107.66 107.65 107.64 107.62 107.61 107.60 107.59 107.57 107.56 107.55 107.54 107.52 107.51 107.50 107.49 107.47 107.46 107.45 107.44 107.42 107.41 107.40 107.39 107.37 107.36 107.35 107.34 107.32 107.31 107.30 107.29 107.27 107.26 107.25 107.24 107.22 107.21 107.20 107.19
  * 108.67 108.66 108.65 108.64 108.62 108.61 108.60 108.59 108.57 108.56 108.55 108.54 108.52 108.51 108.50 108.49 108.47 108.46 108.45 108.44 108.42 108.41 108.40 108.39 108.37 108.36 108.35 108.34 108.32 108.31 108.30 108.29 108.27 108.26 108.25 108.24 108.22 108.21 108.20 108.19
  * 109.67 109.66 109.65 109.64 109.62 109.61 109.60 109.59 109.57 109.56 109.55 109.54 109.52 109.51 109.50 109.49 109.47 109.46 109.45 109.44 109.42 109.41 109.40 109.39 109.37 109.36 109.35 109.34 109.32 109.31 109.30 109.29 109.27 109.26 109.25 109.24 109.22 109.21 109.20 109.19
  * 110.67 110.66 110.65 110.64 110.62 110.61 110.60 110.59 110.57 110.56 110.55 110.54 110.52 110.51 110.50 110.49 110.47 110.46 110.45 110.44 110.42 110.41 110.40 110.39 110.37 110.36 110.35 110.34 110.32 110.31 110.30 110.29 110.27 110.26 110.25 110.24 110.22 110.21 110.20 110.19
  * 111.67 111.66 111.65 111.64 111.62 111.61 111.60 111.59 111.57 111.56 111.55 111.54 111.52 111.51 111.50 111.49 111.47 111.46 111.45 111.44 111.42 111.41 111.40 111.39 111.37 111.36 111.35 111.34 111.32 111.31 111.30 111.29 111.27 111.26 111.25 111.24 111.22 111.21 111.20 111.19
  * 112.67 112.66 112.65 112.64 112.62 112.61 112.60 112.59 112.57 112.56 112.55 112.54 112.52 112.51 112.50 112.49 112.47 112.46 112.45 112.44 112.42 112.41 112.40 112.39 112.37 112.36 112.35 112.34 112.32 112.31 112.30 112.29 112.27 112.26 112.25 112.24 112.22 112.21 112.20 112.19
  * 113.67 113.66 113.65 113.64 113.62 113.61 113.60 113.59 113.57 113.56 113.55 113.54 113.52 113.51 113.50 113.49 113.47 113.46 113.45 113.44 113.42 113.41 113.40 113.39 113.37 113.36 113.35 113.34 113.32 113.31 113.30 113.29 113.27 113.26 113.25 113.24 113.22 113.21 113.20 113.19
  * 114.67 114.66 114.65 114.64 114.62 114.61 114.60 114.59 114.57 114.56 114.55 114.54 114.52 114.51 114.50 114.49 114.47 114.46 114.45 114.44 114.42 114.41 114.40 114.39 114.37 114.36 114.35 114.34 114.32 114.31 114.30 114.29 114.27 114.26 114.25 114.24 114.22 114.21 114.20 114.19
  * 115.67 115.66 115.65 115.64 115.62 115.61 115.60 115.59 115.57 115.56 115.55 115.54 115.52 115.51 115.50 115.49 115.47 115.46 115.45 115.44 115.42 115.41 115.40 115.39 115.37 115.36 115.35 115.34 115.32 115.31 115.30 115.29 115.27 115.26 115.25 115.24 115.22 115.21 115.20 115.19
  * 116.67 116.66 116.65 116.64 116.62 116.61 116.60 116.59 116.57 116.56 116.55 116.54 116.52 116.51 116.50 116.49 116.47 116.46 116.45 116.44 116.42 116.41 116.40 116.39 116.37 116.36 116.35 116.34 116.32 116.31 116.30 116.29 116.27 116.26 116.25 116.24 116.22 116.21 116.20 116.19
  * 117.67 117.66 117.65 117.64 117.62 117.61 117.60 117.59 117.57 117.56 117.55 117.54 117.52 117.51 117.50 117.49 117.47 117.46 117.45 117.44 117.42 117.41 117.40 117.39 117.37 117.36 117.35 117.34 117.32 117.31 117.30 117.29 117.27 117.26 117.25 117.24 117.22 117.21 117.20 117.19
  * 118.67 118.66 118.65 118.64 118.62 118.61 118.60 118.59 118.57 118.56 118.55 118.54 118.52 118.51 118.50 118.49 118.47 118.46 118.45 118.44 118.42 118.41 118.40 118.39 118.37 118.36 118.35 118.34 118.32 118.31 118.30 118.29 118.27 118.26 118.25 118.24 118.22 118.21 118.20 118.19
  * 119.67 119.66 119.65 119.64 119.62 119.61 119.60 119.59 119.57 119.56 119.55 119.54 119.52 119.51 119.50 119.49 119.47 119.46 119.45 119.44 119.42 119.41 119.40 119.39 119.37 119.36 119.35 119.34 119.32 119.31 119.30 119.29 119.27 119.26 119.25 119.24 119.22 119.21 119.20 119.19
  * 120.67 120.66 120.65 120.64 120.62 120.61 120.60 120.59 120.57 120.56 120.55 120.54 120.52 120.51 120.50 120.49 120.47 120.46 120.45 120.44 120.42 120.41 120.40 120.39 120.37 120.36 120.35 120.34 120.32 120.31 120.30 120.29 120.27 120.26 120.25 120.24 120.22 120.21 120.20 120.19
  * 121.67 121.66 121.65 121.64 121.62 121.61 121.60 121.59 121.57 121.56 121.55 121.54 121.52 121.51 121.50 121.49 121.47 121.46 121.45 121.44 121.42 121.41 121.40 121.39 121.37 121.36 121.35 121.34 121.32 121.31 121.30 121.29 121.27 121.26 121.25 121.24 121.22 121.21 121.20 121.19
  * 122.67 122.66 122.65 122.64 122.62 122.61 122.60 122.59 122.57 122.56 122.55 122.54 122.52 122.51 122.50 122.49 122.47 122.46 122.45 122.44 122.42 122.41 122.40 122.39 122.37 122.36 122.35 122.34 122.32 122.31 122.30 122.29 122.27 122.26 122.25 122.24 122.22 122.21 122.20 122.19
  * 123.67 123.66 123.65 123.64 123.62 123.61 123.60 123.59 123.57 123.56 123.55 123.54 123.52 123.51 123.50 123.49 123.47 123.46 123.45 123.44 123.42 123.41 123.40 123.39 123.37 123.36 123.35 123.34 123.32 123.31 123.30 123.29 123.27 123.26 123.25 123.24 123.22 123.21 123.20 123.19
  * 124.67 124.66 124.65 124.64 124.62 124.61 124.60 124.59 124.57 124.56 124.55 124.54 124.52 124.51 124.50 124.49 124.47 124.46 124.45 124.44 124.42 124.41 124.40 124.39 124.37 124.36 124.35 124.34 124.32 124.31 124.30 124.29 124.27 124.26 124.25 124.24 124.22 124.21 124.20 124.19
  * 125.67 125.66 125.65 125.64 125.62 125.61 125.60 125.59 125.57 125.56 125.55 125.54 125.52 125.51 125.50 125.49 125.47 125.46 125.45 125.44 125.42 125.41 125.40 125.39 125.37 125.36 125.35 125.34 125.32 125.31 125.30 125.29 125.27 125.26 125.25 125.24 125.22 125.21 125.20 125.19
  * 126.67 126.66 126.65 126.64 126.62 126.61 126.60 126.59 126.57 126.56 126.55 126.54 126.52 126.51 126.50 126.49 126.47 126.46 126.45 126.44 126.42 126.41 126.40 126.39 126.37 126.36 126.35 126.34 126.32 126.31 126.30 126.29 126.27 126.26 126.25 126.24 126.22 126.21 126.20 126.19
  * 127.67 127.66 127.65 127.64 127.62 127.61 127.60 127.59 127.57 127.56 127.55 127.54 127.52 127.51 127.50 127.49 127.47 127.46 127.45 127.44 127.42 127.41 127.40 127.39 127.37 127.36 127.35 127.34 127.32 127.31 127.30 127.29 127.27 127.26 127.25 127.24 127.22 127.21 127.20 127.19
  * 128.67 128.66 128.65 128.64 128.62 128.61 128.60 128.59 128.57 128.56 128.55 128.54 128.52 128.51 128.50 128.49 128.47 128.46 128.45 128.44 128.42 128.41 128.40 128.39 128.37 128.36 128.35 128.34 128.32 128.31 128.30 128.29 128.27 128.26 128.25 128.24 128.22 128.21 128.20 128.19
  * 129.67 129.66 129.65 129.64 129.62 129.61 129.60 129.59 129.57 129.56 129.55 129.54 129.52 129.51 129.50 129.49 129.47 129.46 129.45 129.44 129.42 129.41 129.40 129.39 129.37 129.36 129.35 129.34 129.32 129.31 129.30 129.29 129.27 129.26 129.25 129.24 129.22 129.21 129.20 129.19
  * 130.67 130.66 130.65 130.64 130.62 130.61 130.60 130.59 130.57 130.56 130.55 130.54 130.52 130.51 130.50 130.49 130.47 130.46 130.45 130.44 130.42 130.41 130.40 130.39 130.37 130.36 130.35 130.34 130.32 130.31 130.30 130.29 130.27 130.26 130.25 130.24 130.22 130.21 130.20 130.19
  * 131.67 131.66 131.65 131.64 131.62 131.61 131.60 131.59 131.57 131.56 131.55 131.54 131.52 131.51 131.50 131.49 131.47 131.46 131.45 131.44 131.42 131.41 131.40 131.39 131.37 131.36 131.35 131.34 131.32 131.31 131.30 131.29 131.27 131.26 131.25 131.24 131.22 131.21 131.20 131.19
  * 132.67 132.66 132.65 132.64 132.62 132.61 132.60 132.59 132.57 132.56 132.55 132.54 132.52 132.51 132.50 132.49 132.47 132.46 132.45 132.44 132.42 132.41 132.40 132.39 132.37 132.36 132.35 132.34 132.32 132.31 132.30 132.29 132.27 132.26 132.25 132.24 132.22 132.21 132.20 132.19
  * 133.67 133.66 133.65 133.64 133.62 133.61 133.60 133.59 133.57 133.56 133.55 133.54 133.52 133.51 133.50 133.49 133.47 133.46 133.45 133.44 133.42 133.41 133.40 133.39 133.37 133.36 133.35 133.34 133.32 133.31 133.30 133.29 133.27 133.26 133.25 133.24 133.22 133.21 133.20 133.19
  * 134.67 134.66 134.65 134.64 134.62 134.61 134.60 134.59 134.57 134.56 134.55 134.54 134.52 134.51 134.50 134.49 134.47 134.46 134.45 134.44 134.42 134.41 134.40 134.39 134.37 134.36 134.35 134.34 134.32 134.31 134.30 134.29 134.27 134.26 134.25 134.24 134.22 134.21 134.20 134.19
  * 135.67 135.66 135.65 135.64 135.62 135.61 135.60 135.59 135.57 135.56 135.55 135.54 135.52 135.51 135.50 135.49 135.47 135.46 135.45 135.44 135.42 135.41 135.40 135.39 135.37 135.36 135.35 135.34 135.32 135.31 135.30 135.29 135.27 135.26 135.25 135.24 135.22 135.21 135.20 135.19
  * 136.67 136.66 136.65 136.64 136.62 136.61 136.60 136.59 136.57 136.56 136.55 136.54 136.52 136.51 136.50 136.49 136.47 136.46 136.45 136.44 136.42 136.41 136.40 136.39 136.37 136.36 136.35 136.34 136.32 136.31 136.30 136.29 136.27 136.26 136.25 136.24 136.22 136.21 136.20 136.19
  * 137.67 137.66 137.65 137.64 137.62 137.61 137.60 137.59 137.57 137.56 137.55 137.54 137.52 137.51 137.50 137.49 137.47 137.46 137.45 137.44 137.42 137.41 137.40 137.39 137.37 137.36 137.35 137.34 137.32 137.31 137.30 137.29 137.27 137.26 137.25 137.24 137.22 137.21 137.20 137.19
  * 138.67 138.66 138.65 138.64 138.62 138.61 138.60 138.59 138.57 138.56 138.55 138.54 138.52 138.51 138.50 138.49 138.47 138.46 138.45 138.44 138.42 138.41 138.40 138.39 138.37 138.36 138.35 138.34 138.32 138.31 138.30 138.29 138.27 138.26 138.25 138.24 138.22 138.21 138.20 138.19
  * 139.67 139.66 139.65 139.64 139.62 139.61 139.60 139.59 139.57 139.56 139.55 139.54 139.52 139.51 139.50 139.49 139.47 139.46 139.45 139.44 139.42 139.41 139.40 139.39 139.37 139.36 139.35 139.34 139.32 139.31 139.30 139.29 139.27 139.26 139.25 139.24 139.22 139.21 139.20 139.19
  * 140.67 140.66 140.65 140.64 140.62 140.61 140.60 140.59 140.57 140.56 140.55 140.54 140.52 140.51 140.50 140.49 140.47 140.46 140.45 140.44 140.42 140.41 140.40 140.39 140.37 140.36 140.35 140.34 140.32 140.31 140.30 140.29 140.27 140.26 140.25 140.24 140.22 140.21 140.20 140.19
  * 141.67 141.66 141.65 141.64 141.62 141.61 141.60 141.59 141.57 141.56 141.55 141.54 141.52 141.51 141.50 141.49 141.47 141.46 141.45 141.44 141.42 141.41 141.40 141.39 141.37 141.36 141.35 141.34 141.32 141.31 141.30 141.29 141.27 141.26 141.25 141.24 141.22 141.21 141.20 141.19
  * 142.67 142.66 142.65 142.64 142.62 142.61 142.60 142.59 142.57 142.56 142.55 142.54 142.52 142.51 142.50 142.49 142.47 142.46 142.45 142.44 142.42 142.41 142.40 142.39 142.37 142.36 142.35 142.34 142.32 142.31 142.30 142.29 142.27 142.26 142.25 142.24 142.22 142.21 142.20 142.19
  * 143.67 143.66 143.65 143.64 143.62 143.61 143.60 143.59 143.57 143.56 143.55 143.54 143.52 143.51 143.50 143.49 143.47 143.46 143.45 143.44 143.42 143.41 143.40 143.39 143.37 143.36 143.35 143.34 143.32 143.31 143.30 143.29 143.27 143.26 143.25 143.24 143.22 143.21 143.20 143.19
  * 144.67 144.66 144.65 144.64 144.62 144.61 144.60 144.59 144.57 144.56 144.55 144.54 144.52 144.51 144.50 144.49 144.47 144.46 144.45 144.44 144.42 144.41 144.40 144.39 144.37 144.36 144.35 144.34 144.32 144.31 144.30 144.29 144.27 144.26 144.25 144.24 144.22 144.21 144.20 144.19
  * 145.67 145.66 145.65 145.64 145.62 145.61 145.60 145.59 145.57 145.56 145.55 145.54 145.52 145.51 145.50 145.49 145.47 145.46 145.45 145.44 145.42 145.41 145.40 145.39 145.37 145.36 145.35 145.34 145.32 145.31 145.30 145.29 145.27 145.26 145.25 145.24 145.22 145.21 145.20 145.19
  * 146.67 146.66 146.65 146.64 146.62 146.61 146.60 146.59 146.57 146.56 146.55 146.54 146.52 146.51 146.50 146.49 146.47 146.46 146.45 146.44 146.42 146.41 146.40 146.39 146.37 146.36 146.35 146.34 146.32 146.31 146.30 146.29 146.27 146.26 146.25 146.24 146.22 146.21 146.20 146.19
  * 147.67 147.66 147.65 147.64 147.62 147.61 147.60 147.59 147.57 147.56 147.55 147.54 147.52 147.51 147.50 147.49 147.47 147.46 147.45 147.44 147.42 147.41 147.40 147.39 147.37 147.36 147.35 147.34 147.32 147.31 147.30 147.29 147.27 147.26 147.25 147.24 147.22 147.21 147.20 147.19
  * 148.67 148.66 148.65 148.64 148.62 148.61 148.60 148.59 148.57 148.56 148.55 148.54 148.52 148.51 148.50 148.49 148.47 148.46 148.45 148.44 148.42 148.41 148.40 148.39 148.37 148.36 148.35 148.34 148.32 148.31 148.30 148.29 148.27 148.26 148.25 148.24 148.22 148.21 148.20 148.19
  * 149.67 149.66 149.65 149.64 149.62 149.61 149.60 149.59 149.57 149.56 149.55 149.54 149.52 149.51 149.50 149.49 149.47 149.46 149.45 149.44 149.42 149.41 149.40 149.39 149.37 149.36 149.35 149.34 149.32 149.31 149.30 149.29 149.27 149.26 149.25 149.24 149.22 149.21 149.20 149.19
  * 150.67 150.66 150.65 150.64 150.62 150.61 150.60 150.59 150.57 150.56 150.55 150.54 150.52 150.51 150.50 150.49 150.47 150.46 150.45 150.44 150.42 150.41 150.40 150.39 150.37 150.36 150.35 150.34 150.32 150.31 150.30 150.29 150.27 150.26 150.25 150.24 150.22 150.21 150.20 150.19
  * 151.67 151.66 151.65 151.64 151.62 151.61 151.60 151.59 151.57 151.56 151.55 151.54 151.52 151.51 151.50 151.49 151.47 151.46 151.45 151.44 151.42 151.41 151.40 151.39 151.37 151.36 151.35 151.34 151.32 151.31 151.30 151.29 151.27 151.26 151.25 151.24 151.22 151.21 151.20 151.19
  * 152.67 152.66 152.65 152.64 152.62 152.61 152.60 152.59 152.57 152.56 152.55 152.54 152.52 152.51 152.50 152.49 152.47 152.46 152.45 152.44 152.42 152.41 152.40 152.39 152.37 152.36 152.35 152.34 152.32 152.31 152.30 152.29 152.27 152.26 152.25 152.24 152.22 152.21 152.20 152.19
  * 153.67 153.66 153.65 153.64 153.62 153.61 153.60 153.59 153.57 153.56 153.55 153.54 153.52 153.51 153.50 153.49 153.47 153.46 153.45 153.44 153.42 153.41 153.40 153.39 153.37 153.36 153.35 153.34 153.32 153.31 153.30 153.29 153.27 153.26 153.25 153.24 153.22 153.21 153.20 153.19
  * 154.67 154.66 154.65 154.64 154.62 154.61 154.60 154.59 154.57 154.56 154.55 154.54 154.52 154.51 154.50 154.49 154.47 154.46 154.45 154.44 154.42 154.41 154.40 154.39 154.37 154.36 154.35 154.34 154.32 154.31 154.30 154.29 154.27 154.26 154.25 154.24 154.22 154.21 154.20 154.19
  * 155.67 155.66 155.65 155.64 155.62 155.61 155.60 155.59 155.57 155.56 155.55 155.54 155.52 155.51 155.50 155.49 155.47 155.46 155.45 155.44 155.42 155.41 155.40 155.39 155.37 155.36 155.35 155.34 155.32 155.31 155.30 155.29 155.27 155.26 155.25 155.24 155.22 155.21 155.20 155.19
  * 156.67 156.66 156.65 156.64 156.62 156.61 156.60 156.59 156.57 156.56 156.55 156.54 156.52 156.51 156.50 156.49 156.47 156.46 156.45 156.44 156.42 156.41 156.40 156.39 156.37 156.36 156.35 156.34 156.32 156.31 156.30 156.29 156.27 156.26 156.25 156.24 156.22 156.21 156.20 156.19
  * 157.67 157.66 157.65 157.64 157.62 157.61 157.60 157.59 157.57 157.56 157.55 157.54 157.52 157.51 157.50 157.49 157.47 157.46 157.45 157.44 157.42 157.41 157.40 157.39 157.37 157.36 157.35 157.34 157.32 157.31 157.30 157.29 157.27 157.26 157.25 157.24 157.22 157.21 157.20 157.19
  * 158.67 158.66 158.65 158.64 158.62 158.61 158.60 158.59 158.57 158.56 158.55 158.54 158.52 158.51 158.50 158.49 158.47 158.46 158.45 158.44 158.42 158.41 158.40 158.39 158.37 158.36 158.35 158.34 158.32 158.31 158.30 158.29 158.27 158.26 158.25 158.24 158.22 158.21 158.20 158.19
  * 159.67 159.66 159.65 159.64 159.62 159.61 159.60 159.59 159.57 159.56 159.55 159.54 159.52 159.51 159.50 159.49 159.47 159.46 159.45 159.44 159.42 159.41 159.40 159.39 159.37 159.36 159.35 159.34 159.32 159.31 159.30 159.29 159.27 159.26 159.25 159.24 159.22 159.21 159.20 159.19
  * 160.67 160.66 160.65 160.64 160.62 160.61 160.60 160.59 160.57 160.56 160.55 160.54 160.52 160.51 160.50 160.49 160.47 160.46 160.45 160.44 160.42 160.41 160.40 160.39 160.37 160.36 160.35 160.34 160.32 160.31 160.30 160.29 160.27 160.26 160.25 160.24 160.22 160.21 160.20 160.19
  * 161.67 161.66 161.65 161.64 161.62 161.61 161.60 161.59 161.57 161.56 161.55 161.54 161.52 161.51 161.50 161.49 161.47 161.46 161.45 161.44 161.42 161.41 161.40 161.39 161.37 161.36 161.35 161.34 161.32 161.31 161.30 161.29 161.27 161.26 161.25 161.24 161.22 161.21 161.20 161.19
  * 162.67 162.66 162.65 162.64 162.62 162.61 162.60 162.59 162.57 162.56 162.55 162.54 162.52 162.51 162.50 162.49 162.47 162.46 162.45 162.44 162.42 162.41 162.40 162.39 162.37 162.36 162.35 162.34 162.32 162.31 162.30 162.29 162.27 162.26 162.25 162.24 162.22 162.21 162.20 162.19
  * 163.67 163.66 163.65 163.64 163.62 163.61 163.60 163.59 163.57 163.56 163.55 163.54 163.52 163.51 163.50 163.49 163.47 163.46 163.45 163.44 163.42 163.41 163.40 163.39 163.37 163.36 163.35 163.34 163.32 163.31 163.30 163.29 163.27 163.26 163.25 163.24 163.22 163.21 163.20 163.19
  * 164.67 164.66 164.65 164.64 164.62 164.61 164.60 164.59 164.57 164.56 164.55 164.54 164.52 164.51 164.50 164.49 164.47 164.46 164.45 164.44 164.42 164.41 164.40 164.39 164.37 164.36 164.35 164.34 164.32 164.31 164.30 164.29 164.27 164.26 164.25 164.24 164.22 164.21 164.20 164.19
  * 165.67 165.66 165.65 165.64 165.62 165.61 165.60 165.59 165.57 165.56 165.55 165.54 165.52 165.51 165.50 165.49 165.47 165.46 165.45 165.44 165.42 165.41 165.40 165.39 165.37 165.36 165.35 165.34 165.32 165.31 165.30 165.29 165.27 165.26 165.25 165.24 165.22 165.21 165.20 165.19
  * 166.67 166.66 166.65 166.64 166.62 166.61 166.60 166.59 166.57 166.56 166.55 166.54 166.52 166.51 166.50 166.49 166.47 166.46 166.45 166.44 166.42 166.41 166.40 166.39 166.37 166.36 166.35 166.34 166.32 166.31 166.30 166.29 166.27 166.26 166.25 166.24 166.22 166.21 166.20 166.19
  * 167.67 167.66 167.65 167.64 167.62 167.61 167.60 167.59 167.57 167.56 167.55 167.54 167.52 167.51 167.50 167.49 167.47 167.46 167.45 167.44 167.42 167.41 167.40 167.39 167.37 167.36 167.35 167.34 167.32 167.31 167.30 167.29 167.27 167.26 167.25 167.24 167.22 167.21 167.20 167.19
  * 168.67 168.66 168.65 168.64 168.62 168.61 168.60 168.59 168.57 168.56 168.55 168.54 168.52 168.51 168.50 168.49 168.47 168.46 168.45 168.44 168.42 168.41 168.40 168.39 168.37 168.36 168.35 168.34 168.32 168.31 168.30 168.29 168.27 168.26 168.25 168.24 168.22 168.21 168.20 168.19
  * 169.67 169.66 169.65 169.64 169.62 169.61 169.60 169.59 169.57 169.56 169.55 169.54 169.52 169.51 169.50 169.49 169.47 169.46 169.45 169.44 169.42 169.41 169.40 169.39 169.37 169.36 169.35 169.34 169.32 169.31 169.30 169.29 169.27 169.26 169.25 169.24 169.22 169.21 169.20 169.19
  * 170.67 170.66 170.65 170.64 170.62 170.61 170.60 170.59 170.57 170.56 170.55 170.54 170.52 170.51 170.50 170.49 170.47 170.46 170.45 170.44 170.42 170.41 170.40 170.39 170.37 170.36 170.35 170.34 170.32 170.31 170.30 170.29 170.27 170.26 170.25 170.24 170.22 170.21 170.20 170.19
  * 171.67 171.66 171.65 171.64 171.62 171.61 171.60 171.59 171.57 171.56 171.55 171.54 171.52 171.51 171.50 171.49 171.47 171.46 171.45 171.44 171.42 171.41 171.40 171.39 171.37 171.36 171.35 171.34 171.32 171.31 171.30 171.29 171.27 171.26 171.25 171.24 171.22 171.21 171.20 171.19
  * 172.67 172.66 172.65 172.64 172.62 172.61 172.60 172.59 172.57 172.56 172.55 172.54 172.52 172.51 172.50 172.49 172.47 172.46 172.45 172.44 172.42 172.41 172.40 172.39 172.37 172.36 172.35 172.34 172.32 172.31 172.30 172.29 172.27 172.26 172.25 172.24 172.22 172.21 172.20 172.19
  * 173.67 173.66 173.65 173.64 173.62 173.61 173.60 173.59 173.57 173.56 173.55 173.54 173.52 173.51 173.50 173.49 173.47 173.46 173.45 173.44 173.42 173.41 173.40 173.39 173.37 173.36 173.35 173.34 173.32 173.31 173.30 173.29 173.27 173.26 173.25 173.24 173.22 173.21 173.20 173.19
  * 174.67 174.66 174.65 174.64 174.62 174.61 174.60 174.59 174.57 174.56 174.55 174.54 174.52 174.51 174.50 174.49 174.47 174.46 174.45 174.44 174.42 174.41 174.40 174.39 174.37 174.36 174.35 174.34 174.32 174.31 174.30 174.29 174.27 174.26 174.25 174.24 174.22 174.21 174.20 174.19
  * 175.67 175.66 175.65 175.64 175.62 175.61 175.60 175.59 175.57 175.56 175.55 175.54 175.52 175.51 175.50 175.49 175.47 175.46 175.45 175.44 175.42 175.41 175.40 175.39 175.37 175.36 175.35 175.34 175.32 175.31 175.30 175.29 175.27 175.26 175.25 175.24 175.22 175.21 175.20 175.19
  * 176.67 176.66 176.65 176.64 176.62 176.61 176.60 176.59 176.57 176.56 176.55 176.54 176.52 176.51 176.50 176.49 176.47 176.46 176.45 176.44 176.42 176.41 176.40 176.39 176.37 176.36 176.35 176.34 176.32 176.31 176.30 176.29 176.27 176.26 176.25 176.24 176.22 176.21 176.20 176.19
  * 177.67 177.66 177.65 177.64 177.62 177.61 177.60 177.59 177.57 177.56 177.55 177.54 177.52 177.51 177.50 177.49 177.47 177.46 177.45 177.44 177.42 177.41 177.40 177.39 177.37 177.36 177.35 177.34 177.32 177.31 177.30 177.29 177.27 177.26 177.25 177.24 177.22 177.21 177.20 177.19
  * 178.67 178.66 178.65 178.64 178.62 178.61 178.60 178.59 178.57 178.56 178.55 178.54 178.52 178.51 178.50 178.49 178.47 178.46 178.45 178.44 178.42 178.41 178.40 178.39 178.37 178.36 178.35 178.34 178.32 178.31 178.30 178.29 178.27 178.26 178.25 178.24 178.22 178.21 178.20 178.19
  * 179.67 179.66 179.65 179.64 179.62 179.61 179.60 179.59 179.57 179.56 179.55 179.54 179.52 179.51 179.50 179.49 179.47 179.46 179.45 179.44 179.42 179.41 179.40 179.39 179.37 179.36 179.35 179.34 179.32 179.31 179.30 179.29 179.27 179.26 179.25 179.24 179.22 179.21 179.20 179.19
  * 180.67 180.66 180.65 180.64 180.62 180.61 180.60 180.59 180.57 180.56 180.55 180.54 180.52 180.51 180.50 180.49 180.47 180.46 180.45 180.44 180.42 180.41 180.40 180.39 180.37 180.36 180.35 180.34 180.32 180.31 180.30 180.29 180.27 180.26 180.25 180.24 180.22 180.21 180.20 180.19
  * 181.67 181.66 181.65 181.64 181.62 181.61 181.60 181.59 181.57 181.56 181.55 181.54 181.52 181.51 181.50 181.49 181.47 181.46 181.45 181.44 181.42 181.41 181.40 181.39 181.37 181.36 181.35 181.34 181.32 181.31 181.30 181.29 181.27 181.26 181.25 181.24 181.22 181.21 181.20 181.19
  * 182.67 182.66 182.65 182.64 182.62 182.61 182.60 182.59 182.57 182.56 182.55 182.54 182.52 182.51 182.50 182.49 182.47 182.46 182.45 182.44 182.42 182.41 182.40 182.39 182.37 182.36 182.35 182.34 182.32 182.31 182.30 182.29 182.27 182.26 182.25 182.24 182.22 182.21 182.20 182.19
  * 183.67 183.66 183.65 183.64 183.62 183.61 183.60 183.59 183.57 183.56 183.55 183.54 183.52 183.51 183.50 183.49 183.47 183.46 183.45 183.44 183.42 183.41 183.40 183.39 183.37 183.36 183.35 183.34 183.32 183.31 183.30 183.29 183.27 183.26 183.25 183.24 183.22 183.21 183.20 183.19
  * 184.67 184.66 184.65 184.64 184.62 184.61 184.60 184.59 184.57 184.56 184.55 184.54 184.52 184.51 184.50 184.49 184.47 184.46 184.45 184.44 184.42 184.41 184.40 184.39 184.37 184.36 184.35 184.34 184.32 184.31 184.30 184.29 184.27 184.26 184.25 184.24 184.22 184.21 184.20 184.19
  * 185.67 185.66 185.65 185.64 185.62 185.61 185.60 185.59 185.57 185.56 185.55 185.54 185.52 185.51 185.50 185.49 185.47 185.46 185.45 185.44 185.42 185.41 185.40 185.39 185.37 185.36 185.35 185.34 185.32 185.31 185.30 185.29 185.27 185.26 185.25 185.24 185.22 185.21 185.20 185.19
  * 186.67 186.66 186.65 186.64 186.62 186.61 186.60 186.59 186.57 186.56 186.55 186.54 186.52 186.51 186.50 186.49 186.47 186.46 186.45 186.44 186.42 186.41 186.40 186.39 186.37 186.36 186.35 186.34 186.32 186.31 186.30 186.29 186.27 186.26 186.25 186.24 186.22 186.21 186.20 186.19
  * 187.67 187.66 187.65 187.64 187.62 187.61 187.60 187.59 187.57 187.56 187.55 187.54 187.52 187.51 187.50 187.49 187.47 187.46 187.45 187.44 187.42 187.41 187.40 187.39 187.37 187.36 187.35 187.34 187.32 187.31 187.30 187.29 187.27 187.26 187.25 187.24 187.22 187.21 187.20 187.19
  * 188.67 188.66 188.65 188.64 188.62 188.61 188.60 188.59 188.57 188.56 188.55 188.54 188.52 188.51 188.50 188.49 188.47 188.46 188.45 188.44 188.42 188.41 188.40 188.39 188.37 188.36 188.35 188.34 188.32 188.31 188.30 188.29 188.27 188.26 188.25 188.24 188.22 188.21 188.20 188.19
  * 189.67 189.66 189.65 189.64 189.62 189.61 189.60 189.59 189.57 189.56 189.55 189.54 189.52 189.51 189.50 189.49 189.47 189.46 189.45 189.44 189.42 189.41 189.40 189.39 189.37 189.36 189.35 189.34 189.32 189.31 189.30 189.29 189.27 189.26 189.25 189.24 189.22 189.21 189.20 189.19
  * 190.67 190.66 190.65 190.64 190.62 190.61 190.60 190.59 190.57 190.56 190.55 190.54 190.52 190.51 190.50 190.49 190.47 190.46 190.45 190.44 190.42 190.41 190.40 190.39 190.37 190.36 190.35 190.34 190.32 190.31 190.30 190.29 190.27 190.26 190.25 190.24 190.22 190.21 190.20 190.19
  * 191.67 191.66 191.65 191.64 191.62 191.61 191.60 191.59 191.57 191.56 191.55 191.54 191.52 191.51 191.50 191.49 191.47 191.46 191.45 191.44 191.42 191.41 191.40 191.39 191.37 191.36 191.35 191.34 191.32 191.31 191.30 191.29 191.27 191.26 191.25 191.24 191.22 191.21 191.20 191.19
  * 192.67 192.66 192.65 192.64 192.62 192.61 192.60 192.59 192.57 192.56 192.55 192.54 192.52 192.51 192.50 192.49 192.47 192.46 192.45 192.44 192.42 192.41 192.40 192.39 192.37 192.36 192.35 192.34 192.32 192.31 192.30 192.29 192.27 192.26 192.25 192.24 192.22 192.21 192.20 192.19
  * 193.67 193.66 193.65 193.64 193.62 193.61 193.60 193.59 193.57 193.56 193.55 193.54 193.52 193.51 193.50 193.49 193.47 193.46 193.45 193.44 193.42 193.41 193.40 193.39 193.37 193.36 193.35 193.34 193.32 193.31 193.30 193.29 193.27 193.26 193.25 193.24 193.22 193.21 193.20 193.19
  * 194.67 194.66 194.65 194.64 194.62 194.61 194.60 194.59 194.57 194.56 194.55 194.54 194.52 194.51 194.50 194.49 194.47 194.46 194.45 194.44 194.42 194.41 194.40 194.39 194.37 194.36 194.35 194.34 194.32 194.31 194.30 194.29 194.27 194.26 194.25 194.24 194.22 194.21 194.20 194.19
  * 195.67 195.66 195.65 195.64 195.62 195.61 195.60 195.59 195.57 195.56 195.55 195.54 195.52 195.51 195.50 195.49 195.47 195.46 195.45 195.44 195.42 195.41 195.40 195.39 195.37 195.36 195.35 195.34 195.32 195.31 195.30 195.29 195.27 195.26 195.25 195.24 195.22 195.21 195.20 195.19
  * 196.67 196.66 196.65 196.64 196.62 196.61 196.60 196.59 196.57 196.56 196.55 196.54 196.52 196.51 196.50 196.49 196.47 196.46 196.45 196.44 196.42 196.41 196.40 196.39 196.37 196.36 196.35 196.34 196.32 196.31 196.30 196.29 196.27 196.26 196.25 196.24 196.22 196.21 196.20 196.19
  * 197.67 197.66 197.65 197.64 197.62 197.61 197.60 197.59 197.57 197.56 197.55 197.54 197.52 197.51 197.50 197.49 197.47 197.46 197.45 197.44 197.42 197.41 197.40 197.39 197.37 197.36 197.35 197.34 197.32 197.31 197.30 197.29 197.27 197.26 197.25 197.24 197.22 197.21 197.20 197.19
  * 198.67 198.66 198.65 198.64 198.62 198.61 198.60 198.59 198.57 198.56 198.55 198.54 198.52 198.51 198.50 198.49 198.47 198.46 198.45 198.44 198.42 198.41 198.40 198.39 198.37 198.36 198.35 198.34 198.32 198.31 198.30 198.29 198.27 198.26 198.25 198.24 198.22 198.21 198.20 198.19
  * 199.67 199.66 199.65 199.64 199.62 199.61 199.60 199.59 199.57 199.56 199.55 199.54 199.52 199.51 199.50 199.49 199.47 199.46 199.45 199.44 199.42 199.41 199.40 199.39 199.37 199.36 199.35 199.34 199.32 199.31 199.30 199.29 199.27 199.26 199.25 199.24 199.22 199.21 199.20 199.19
  * 200.67 200.66 200.65 200.64 200.62 200.61 200.60 200.59 200.57 200.56 200.55 200.54 200.52 200.51 200.50 200.49 200.47 200.46 200.45 200.44 200.42 200.41 200.40 200.39 200.37 200.36 200.35 200.34 200.32 200.31 200.30 200.29 200.27 200.26 200.25 200.24 200.22 200.21 200.20 200.19
  * 201.67 201.66 201.65 201.64 201.62 201.61 201.60 201.59 201.57 201.56 201.55 201.54 201.52 201.51 201.50 201.49 201.47 201.46 201.45 201.44 201.42 201.41 201.40 201.39 201.37 201.36 201.35 201.34 201.32 201.31 201.30 201.29 201.27 201.26 201.25 201.24 201.22 201.21 201.20 201.19
  * 202.67 202.66 202.65 202.64 202.62 202.61 202.60 202.59 202.57 202.56 202.55 202.54 202.52 202.51 202.50 202.49 202.47 202.46 202.45 202.44 202.42 202.41 202.40 202.39 202.37 202.36 202.35 202.34 202.32 202.31 202.30 202.29 202.27 202.26 202.25 202.24 202.22 202.21 202.20 202.19
  * 203.67 203.66 203.65 203.64 203.62 203.61 203.60 203.59 203.57 203.56 203.55 203.54 203.52 203.51 203.50 203.49 203.47 203.46 203.45 203.44 203.42 203.41 203.40 203.39 203.37 203.36 203.35 203.34 203.32 203.31 203.30 203.29 203.27 203.26 203.25 203.24 203.22 203.21 203.20 203.19
  * 204.67 204.66 204.65 204.64 204.62 204.61 204.60 204.59 204.57 204.56 204.55 204.54 204.52 204.51 204.50 204.49 204.47 204.46 204.45 204.44 204.42 204.41 204.40 204.39 204.37 204.36 204.35 204.34 204.32 204.31 204.30 204.29 204.27 204.26 204.25 204.24 204.22 204.21 204.20 204.19
  * 205.67 205.66 205.65 205.64 205.62 205.61 205.60 205.59 205.57 205.56 205.55 205.54 205.52 205.51 205.50 205.49 205.47 205.46 205.45 205.44 205.42 205.41 205.40 205.39 205.37 205.36 205.35 205.34 205.32 205.31 205.30 205.29 205.27 205.26 205.25 205.24 205.22 205.21 205.20 205.19
  * 206.67 206.66 206.65 206.64 206.62 206.61 206.60 206.59 206.57 206.56 206.55 206.54 206.52 206.51 206.50 206.49 206.47 206.46 206.45 206.44 206.42 206.41 206.40 206.39 206.37 206.36 206.35 206.34 206.32 206.31 206.30 206.29 206.27 206.26 206.25 206.24 206.22 206.21 206.20 206.19
  * 207.67 207.66 207.65 207.64 207.62 207.61 207.60 207.59 207.57 207.56 207.55 207.54 207.52 207.51 207.50 207.49 207.47 207.46 207.45 207.44 207.42 207.41 207.40 207.39 207.37 207.36 207.35 207.34 207.32 207.31 207.30 207.29 207.27 207.26 207.25 207.24 207.22 207.21 207.20 207.19
  * 208.67 208.66 208.65 208.64 208.62 208.61 208.60 208.59 208.57 208.56 208.55 208.54 208.52 208.51 208.50 208.49 208.47 208.46 208.45 208.44 208.42 208.41 208.40 208.39 208.37 208.36 208.35 208.34 208.32 208.31 208.30 208.29 208.27 208.26 208.25 208.24 208.22 208.21 208.20 208.19
  * 209.67 209.66 209.65 209.64 209.62 209.61 209.60 209.59 209.57 209.56 209.55 209.54 209.52 209.51 209.50 209.49 209.47 209.46 209.45 209.44 209.42 209.41 209.40 209.39 209.37 209.36 209.35 209.34 209.32 209.31 209.30 209.29 209.27 209.26 209.25 209.24 209.22 209.21 209.20 209.19
  * 210.67 210.66 210.65 210.64 210.62 210.61 210.60 210.59 210.57 210.56 210.55 210.54 210.52 210.51 210.50 210.49 210.47 210.46 210.45 210.44 210.42 210.41 210.40 210.39 210.37 210.36 210.35 210.34 210.32 210.31 210.30 210.29 210.27 210.26 210.25 210.24 210.22 210.21 210.20 210.19
  * 211.67 211.66 211.65 211.64 211.62 211.61 211.60 211.59 211.57 211.56 211.55 211.54 211.52 211.51 211.50 211.49 211.47 211.46 211.45 211.44 211.42 211.41 211.40 211.39 211.37 211.36 211.35 211.34 211.32 211.31 211.30 211.29 211.27 211.26 211.25 211.24 211.22 211.21 211.20 211.19
  * 212.67 212.66 212.65 212.64 212.62 212.61 212.60 212.59 212.57 212.56 212.55 212.54 212.52 212.51 212.50 212.49 212.47 212.46 212.45 212.44 212.42 212.41 212.40 212.39 212.37 212.36 212.35 212.34 212.32 212.31 212.30 212.29 212.27 212.26 212.25 212.24 212.22 212.21 212.20 212.19
  * 213.67 213.66 213.65 213.64 213.62 213.61 213.60 213.59 213.57 213.56 213.55 213.54 213.52 213.51 213.50 213.49 213.47 213.46 213.45 213.44 213.42 213.41 213.40 213.39 213.37 213.36 213.35 213.34 213.32 213.31 213.30 213.29 213.27 213.26 213.25 213.24 213.22 213.21 213.20 213.19
  * 214.67 214.66 214.65 214.64 214.62 214.61 214.60 214.59 214.57 214.56 214.55 214.54 214.52 214.51 214.50 214.49 214.47 214.46 214.45 214.44 214.42 214.41 214.40 214.39 214.37 214.36 214.35 214.34 214.32 214.31 214.30 214.29 214.27 214.26 214.25 214.24 214.22 214.21 214.20 214.19
  * 215.67 215.66 215.65 215.64 215.62 215.61 215.60 215.59 215.57 215.56 215.55 215.54 215.52 215.51 215.50 215.49 215.47 215.46 215.45 215.44 215.42 215.41 215.40 215.39 215.37 215.36 215.35 215.34 215.32 215.31 215.30 215.29 215.27 215.26 215.25 215.24 215.22 215.21 215.20 215.19
  * 216.67 216.66 216.65 216.64 216.62 216.61 216.60 216.59 216.57 216.56 216.55 216.54 216.52 216.51 216.50 216.49 216.47 216.46 216.45 216.44 216.42 216.41 216.40 216.39 216.37 216.36 216.35 216.34 216.32 216.31 216.30 216.29 216.27 216.26 216.25 216.24 216.22 216.21 216.20 216.19
  * 217.67 217.66 217.65 217.64 217.62 217.61 217.60 217.59 217.57 217.56 217.55 217.54 217.52 217.51 217.50 217.49 217.47 217.46 217.45 217.44 217.42 217.41 217.40 217.39 217.37 217.36 217.35 217.34 217.32 217.31 217.30 217.29 217.27 217.26 217.25 217.24 217.22 217.21 217.20 217.19
  * 218.67 218.66 218.65 218.64 218.62 218.61 218.60 218.59 218.57 218.56 218.55 218.54 218.52 218.51 218.50 218.49 218.47 218.46 218.45 218.44 218.42 218.41 218.40 218.39 218.37 218.36 218.35 218.34 218.32 218.31 218.30 218.29 218.27 218.26 218.25 218.24 218.22 218.21 218.20 218.19
  * 219.67 219.66 219.65 219.64 219.62 219.61 219.60 219.59 219.57 219.56 219.55 219.54 219.52 219.51 219.50 219.49 219.47 219.46 219.45 219.44 219.42 219.41 219.40 219.39 219.37 219.36 219.35 219.34 219.32 219.31 219.30 219.29 219.27 219.26 219.25 219.24 219.22 219.21 219.20 219.19
  * 220.67 220.66 220.65 220.64 220.62 220.61 220.60 220.59 220.57 220.56 220.55 220.54 220.52 220.51 220.50 220.49 220.47 220.46 220.45 220.44 220.42 220.41 220.40 220.39 220.37 220.36 220.35 220.34 220.32 220.31 220.30 220.29 220.27 220.26 220.25 220.24 220.22 220.21 220.20 220.19
  * 221.67 221.66 221.65 221.64 221.62 221.61 221.60 221.59 221.57 221.56 221.55 221.54 221.52 221.51 221.50 221.49 221.47 221.46 221.45 221.44 221.42 221.41 221.40 221.39 221.37 221.36 221.35 221.34 221.32 221.31 221.30 221.29 221.27 221.26 221.25 221.24 221.22 221.21 221.20 221.19
  * 222.67 222.66 222.65 222.64 222.62 222.61 222.60 222.59 222.57 222.56 222.55 222.54 222.52 222.51 222.50 222.49 222.47 222.46 222.45 222.44 222.42 222.41 222.40 222.39 222.37 222.36 222.35 222.34 222.32 222.31 222.30 222.29 222.27 222.26 222.25 222.24 222.22 222.21 222.20 222.19
  * 223.67 223.66 223.65 223.64 223.62 223.61 223.60 223.59 223.57 223.56 223.55 223.54 223.52 223.51 223.50 223.49 223.47 223.46 223.45 223.44 223.42 223.41 223.40 223.39 223.37 223.36 223.35 223.34 223.32 223.31 223.30 223.29 223.27 223.26 223.25 223.24 223.22 223.21 223.20 223.19
  * 224.67 224.66 224.65 224.64 224.62 224.61 224.60 224.59 224.57 224.56 224.55 224.54 224.52 224.51 224.50 224.49 224.47 224.46 224.45 224.44 224.42 224.41 224.40 224.39 224.37 224.36 224.35 224.34 224.32 224.31 224.30 224.29 224.27 224.26 224.25 224.24 224.22 224.21 224.20 224.19
  * 225.67 225.66 225.65 225.64 225.62 225.61 225.60 225.59 225.57 225.56 225.55 225.54 225.52 225.51 225.50 225.49 225.47 225.46 225.45 225.44 225.42 225.41 225.40 225.39 225.37 225.36 225.35 225.34 225.32 225.31 225.30 225.29 225.27 225.26 225.25 225.24 225.22 225.21 225.20 225.19
  * 226.67 226.66 226.65 226.64 226.62 226.61 226.60 226.59 226.57 226.56 226.55 226.54 226.52 226.51 226.50 226.49 226.47 226.46 226.45 226.44 226.42 226.41 226.40 226.39 226.37 226.36 226.35 226.34 226.32 226.31 226.30 226.29 226.27 226.26 226.25 226.24 226.22 226.21 226.20 226.19
  * 227.67 227.66 227.65 227.64 227.62 227.61 227.60 227.59 227.57 227.56 227.55 227.54 227.52 227.51 227.50 227.49 227.47 227.46 227.45 227.44 227.42 227.41 227.40 227.39 227.37 227.36 227.35 227.34 227.32 227.31 227.30 227.29 227.27 227.26 227.25 227.24 227.22 227.21 227.20 227.19
  * 228.67 228.66 228.65 228.64 228.62 228.61 228.60 228.59 228.57 228.56 228.55 228.54 228.52 228.51 228.50 228.49 228.47 228.46 228.45 228.44 228.42 228.41 228.40 228.39 228.37 228.36 228.35 228.34 228.32 228.31 228.30 228.29 228.27 228.26 228.25 228.24 228.22 228.21 228.20 228.19
  * 229.67 229.66 229.65 229.64 229.62 229.61 229.60 229.59 229.57 229.56 229.55 229.54 229.52 229.51 229.50 229.49 229.47 229.46 229.45 229.44 229.42 229.41 229.40 229.39 229.37 229.36 229.35 229.34 229.32 229.31 229.30 229.29 229.27 229.26 229.25 229.24 229.22 229.21 229.20 229.19
  * 230.67 230.66 230.65 230.64 230.62 230.61 230.60 230.59 230.57 230.56 230.55 230.54 230.52 230.51 230.50 230.49 230.47 230.46 230.45 230.44 230.42 230.41 230.40 230.39 230.37 230.36 230.35 230.34 230.32 230.31 230.30 230.29 230.27 230.26 230.25 230.24 230.22 230.21 230.20 230.19
  * 231.67 231.66 231.65 231.64 231.62 231.61 231.60 231.59 231.57 231.56 231.55 231.54 231.52 231.51 231.50 231.49 231.47 231.46 231.45 231.44 231.42 231.41 231.40 231.39 231.37 231.36 231.35 231.34 231.32 231.31 231.30 231.29 231.27 231.26 231.25 231.24 231.22 231.21 231.20 231.19
  * 232.67 232.66 232.65 232.64 232.62 232.61 232.60 232.59 232.57 232.56 232.55 232.54 232.52 232.51 232.50 232.49 232.47 232.46 232.45 232.44 232.42 232.41 232.40 232.39 232.37 232.36 232.35 232.34 232.32 232.31 232.30 232.29 232.27 232.26 232.25 232.24 232.22 232.21 232.20 232.19
  * 233.67 233.66 233.65 233.64 233.62 233.61 233.60 233.59 233.57 233.56 233.55 233.54 233.52 233.51 233.50 233.49 233.47 233.46 233.45 233.44 233.42 233.41 233.40 233.39 233.37 233.36 233.35 233.34 233.32 233.31 233.30 233.29 233.27 233.26 233.25 233.24 233.22 233.21 233.20 233.19
  * 234.67 234.66 234.65 234.64 234.62 234.61 234.60 234.59 234.57 234.56 234.55 234.54 234.52 234.51 234.50 234.49 234.47 234.46 234.45 234.44 234.42 234.41 234.40 234.39 234.37 234.36 234.35 234.34 234.32 234.31 234.30 234.29 234.27 234.26 234.25 234.24 234.22 234.21 234.20 234.19
  * 235.67 235.66 235.65 235.64 235.62 235.61 235.60 235.59 235.57 235.56 235.55 235.54 235.52 235.51 235.50 235.49 235.47 235.46 235.45 235.44 235.42 235.41 235.40 235.39 235.37 235.36 235.35 235.34 235.32 235.31 235.30 235.29 235.27 235.26 235.25 235.24 235.22 235.21 235.20 235.19
  * 236.67 236.66 236.65 236.64 236.62 236.61 236.60 236.59 236.57 236.56 236.55 236.54 236.52 236.51 236.50 236.49 236.47 236.46 236.45 236.44 236.42 236.41 236.40 236.39 236.37 236.36 236.35 236.34 236.32 236.31 236.30 236.29 236.27 236.26 236.25 236.24 236.22 236.21 236.20 236.19
  * 237.67 237.66 237.65 237.64 237.62 237.61 237.60 237.59 237.57 237.56 237.55 237.54 237.52 237.51 237.50 237.49 237.47 237.46 237.45 237.44 237.42 237.41 237.40 237.39 237.37 237.36 237.35 237.34 237.32 237.31 237.30 237.29 237.27 237.26 237.25 237.24 237.22 237.21 237.20 237.19
  * 238.67 238.66 238.65 238.64 238.62 238.61 238.60 238.59 238.57 238.56 238.55 238.54 238.52 238.51 238.50 238.49 238.47 238.46 238.45 238.44 238.42 238.41 238.40 238.39 238.37 238.36 238.35 238.34 238.32 238.31 238.30 238.29 238.27 238.26 238.25 238.24 238.22 238.21 238.20 238.19
  * 239.67 239.66 239.65 239.64 239.62 239.61 239.60 239.59 239.57 239.56 239.55 239.54 239.52 239.51 239.50 239.49 239.47 239.46 239.45 239.44 239.42 239.41 239.40 239.39 239.37 239.36 239.35 239.34 239.32 239.31 239.30 239.29 239.27 239.26 239.25 239.24 239.22 239.21 239.20 239.19
  * 240.67 240.66 240.65 240.64 240.62 240.61 240.60 240.59 240.57 240.56 240.55 240.54 240.52 240.51 240.50 240.49 240.47 240.46 240.45 240.44 240.42 240.41 240.40 240.39 240.37 240.36 240.35 240.34 240.32 240.31 240.30 240.29 240.27 240.26 240.25 240.24 240.22 240.21 240.20 240.19
  * 241.67 241.66 241.65 241.64 241.62 241.61 241.60 241.59 241.57 241.56 241.55 241.54 241.52 241.51 241.50 241.49 241.47 241.46 241.45 241.44 241.42 241.41 241.40 241.39 241.37 241.36 241.35 241.34 241.32 241.31 241.30 241.29 241.27 241.26 241.25 241.24 241.22 241.21 241.20 241.19
  * 242.67 242.66 242.65 242.64 242.62 242.61 242.60 242.59 242.57 242.56 242.55 242.54 242.52 242.51 242.50 242.49 242.47 242.46 242.45 242.44 242.42 242.41 242.40 242.39 242.37 242.36 242.35 242.34 242.32 242.31 242.30 242.29 242.27 242.26 242.25 242.24 242.22 242.21 242.20 242.19
  * 243.67 243.66 243.65 243.64 243.62 243.61 243.60 243.59 243.57 243.56 243.55 243.54 243.52 243.51 243.50 243.49 243.47 243.46 243.45 243.44 243.42 243.41 243.40 243.39 243.37 243.36 243.35 243.34 243.32 243.31 243.30 243.29 243.27 243.26 243.25 243.24 243.22 243.21 243.20 243.19
  * 244.67 244.66 244.65 244.64 244.62 244.61 244.60 244.59 244.57 244.56 244.55 244.54 244.52 244.51 244.50 244.49 244.47 244.46 244.45 244.44 244.42 244.41 244.40 244.39 244.37 244.36 244.35 244.34 244.32 244.31 244.30 244.29 244.27 244.26 244.25 244.24 244.22 244.21 244.20 244.19
  * 245.67 245.66 245.65 245.64 245.62 245.61 245.60 245.59 245.57 245.56 245.55 245.54 245.52 245.51 245.50 245.49 245.47 245.46 245.45 245.44 245.42 245.41 245.40 245.39 245.37 245.36 245.35 245.34 245.32 245.31 245.30 245.29 245.27 245.26 245.25 245.24 245.22 245.21 245.20 245.19
  * 246.67 246.66 246.65 246.64 246.62 246.61 246.60 246.59 246.57 246.56 246.55 246.54 246.52 246.51 246.50 246.49 246.47 246.46 246.45 246.44 246.42 246.41 246.40 246.39 246.37 246.36 246.35 246.34 246.32 246.31 246.30 246.29 246.27 246.26 246.25 246.24 246.22 246.21 246.20 246.19
  * 247.67 247.66 247.65 247.64 247.62 247.61 247.60 247.59 247.57 247.56 247.55 247.54 247.52 247.51 247.50 247.49 247.47 247.46 247.45 247.44 247.42 247.41 247.40 247.39 247.37 247.36 247.35 247.34 247.32 247.31 247.30 247.29 247.27 247.26 247.25 247.24 247.22 247.21 247.20 247.19
  * 248.67 248.66 248.65 248.64 248.62 248.61 248.60 248.59 248.57 248.56 248.55 248.54 248.52 248.51 248.50 248.49 248.47 248.46 248.45 248.44 248.42 248.41 248.40 248.39 248.37 248.36 248.35 248.34 248.32 248.31 248.30 248.29 248.27 248.26 248.25 248.24 248.22 248.21 248.20 248.19
  * 249.67 249.66 249.65 249.64 249.62 249.61 249.60 249.59 249.57 249.56 249.55 249.54 249.52 249.51 249.50 249.49 249.47 249.46 249.45 249.44 249.42 249.41 249.40 249.39 249.37 249.36 249.35 249.34 249.32 249.31 249.30 249.29 249.27 249.26 249.25 249.24 249.22 249.21 249.20 249.19
  * 250.67 250.66 250.65 250.64 250.62 250.61 250.60 250.59 250.57 250.56 250.55 250.54 250.52 250.51 250.50 250.49 250.47 250.46 250.45 250.44 250.42 250.41 250.40 250.39 250.37 250.36 250.35 250.34 250.32 250.31 250.30 250.29 250.27 250.26 250.25 250.24 250.22 250.21 250.20 250.19
  * 251.67 251.66 251.65 251.64 251.62 251.61 251.60 251.59 251.57 251.56 251.55 251.54 251.52 251.51 251.50 251.49 251.47 251.46 251.45 251.44 251.42 251.41 251.40 251.39 251.37 251.36 251.35 251.34 251.32 251.31 251.30 251.29 251.27 251.26 251.25 251.24 251.22 251.21 251.20 251.19
  * 252.67 252.66 252.65 252.64 252.62 252.61 252.60 252.59 252.57 252.56 252.55 252.54 252.52 252.51 252.50 252.49 252.47 252.46 252.45 252.44 252.42 252.41 252.40 252.39 252.37 252.36 252.35 252.34 252.32 252.31 252.30 252.29 252.27 252.26 252.25 252.24 252.22 252.21 252.20 252.19
  * 253.67 253.66 253.65 253.64 253.62 253.61 253.60 253.59 253.57 253.56 253.55 253.54 253.52 253.51 253.50 253.49 253.47 253.46 253.45 253.44 253.42 253.41 253.40 253.39 253.37 253.36 253.35 253.34 253.32 253.31 253.30 253.29 253.27 253.26 253.25 253.24 253.22 253.21 253.20 253.19
  * 254.67 254.66 254.65 254.64 254.62 254.61 254.60 254.59 254.57 254.56 254.55 254.54 254.52 254.51 254.50 254.49 254.47 254.46 254.45 254.44 254.42 254.41 254.40 254.39 254.37 254.36 254.35 254.34 254.32 254.31 254.30 254.29 254.27 254.26 254.25 254.24 254.22 254.21 254.20 254.19
  * 255.67 255.66 255.65 255.64 255.62 255.61 255.60 255.59 255.57 255.56 255.55 255.54 255.52 255.51 255.50 255.49 255.47 255.46 255.45 255.44 255.42 255.41 255.40 255.39 255.37 255.36 255.35 255.34 255.32 255.31 255.30 255.29 255.27 255.26 255.25 255.24 255.22 255.21 255.20 255.19
  * 256.67 256.66 256.65 256.64 256.62 256.61 256.60 256.59 256.57 256.56 256.55 256.54 256.52 256.51 256.50 256.49 256.47 256.46 256.45 256.44 256.42 256.41 256.40 256.39 256.37 256.36 256.35 256.34 256.32 256.31 256.30 256.29 256.27 256.26 256.25 256.24 256.22 256.21 256.20 256.19
  * 257.67 257.66 257.65 257.64 257.62 257.61 257.60 257.59 257.57 257.56 257.55 257.54 257.52 257.51 257.50 257.49 257.47 257.46 257.45 257.44 257.42 257.41 257.40 257.39 257.37 257.36 257.35 257.34 257.32 257.31 257.30 257.29 257.27 257.26 257.25 257.24 257.22 257.21 257.20 257.19
  * 258.67 258.66 258.65 258.64 258.62 258.61 258.60 258.59 258.57 258.56 258.55 258.54 258.52 258.51 258.50 258.49 258.47 258.46 258.45 258.44 258.42 258.41 258.40 258.39 258.37 258.36 258.35 258.34 258.32 258.31 258.30 258.29 258.27 258.26 258.25 258.24 258.22 258.21 258.20 258.19
g top_r_sel          n:2  0.85 0.83
  0 0 !
  1 1
  2 2
g top_r_inv          b-   0.84
g top_w_sel          n:2  0.80 0.82
  0 0 !
  1 1
  2 2
g top_w_inv          b-   0.81
g top_clr_sel        n:1  0.78 
  0 0 !
  1 1
g top_clr_inv        b-   0.79
g top_clk_sel        n:1  0.76 
  0 0 !
  1 1
g top_clk_inv        b-   0.77
g top_ce0_sel        n:1  0.74
  0 0 !
  1 1
g top_ce0_inv        b-   0.75
g top_ce1_sel        n:1  0.71
  0 0 !
  1 1
g top_ce1_inv        b-   0.72
g top_coreclk_sel    n:2  0.69 0.70
  0 0 !
  1 1
  2 2
g top_inclk_sel      n:2  0.68 0.62
  0 0 !
  1 1
  2 2
g top_outclk_sel     n:1  0.66
  0 0 !
  1 1
g top_addclr_sel     n:1  0.65
  0 0 !
  1 1
g top_outclr_sel     n:1  0.73
  0 0 !
  1 1
g bot_r_sel          n:2  0.23 0.21
  0 0 !
  1 1
  2 2
g bot_r_inv          b-   0.22
g bot_w_sel          n:2  0.18 0.20
  0 0 !
  1 1
  2 2
g bot_w_inv          b-   0.19
g bot_clr_sel        n:1  0.16
  0 0 !
  1 1
g bot_clr_inv        b-   0.17
g bot_clk_sel        n:1  0.14 
  0 0 !
  1 1
g bot_clk_inv        b-   0.15
g bot_ce0_sel        n:1  0.12
  0 0 !
  1 1
g bot_ce0_inv        b-   0.13
g bot_ce1_sel        n:1  0.10
  0 0 !
  1 1
g bot_ce1_inv        b-   0.11
g bot_coreclk_sel    n:2  0.8 0.9
  0 0 !
  1 1
  2 2
g bot_inclk_sel      n:2  0.5 0.4
  0 0 !
  1 1
  2 2
g bot_outclk_sel     n:1  0.3
  0 0 !
  1 1
g bot_1_addclr_sel   n:1  0.1
  0 0 !
  1 1
g bot_1_outclr_sel   n:1  0.2
  0 0 !
  1 1
g bot_1_coreclk_sel  n:1  0.6
  0 0 !
  1 1
g bot_1_inclk_sel    n:1  0.0
  0 0 !
  1 1
g bot_1_outclk_sel   n:1  0.7
  0 0 !
  1 1
g itg_lfsr           b-   0.63
g tdf_atpg           b-   0.64
g pr_en              b-:2 0.61 0.67
g test_mode_off      b+   0.60
