gx25f  0 00008.01160 00008.01161 00009.01161 00008.01074 00008.01075 00009.01075 00828.01762 00828.01763 00829.01763 00828.01676 00828.01677 00829.01677 00828.02450 00828.02451 00829.02451 00828.02364 00828.02365 00829.02365
gt75f  0 00008.01160 00008.01161 00009.01161 00008.01074 00008.01075 00009.01075 00828.01762 00828.01763 00829.01763 00828.01676 00828.01677 00829.01677 00828.02450 00828.02451 00829.02451 00828.02364 00828.02365 00829.02365
gt75f  1 00008.03052 00008.03053 00009.03053 00008.02966 00008.02967 00009.02967 00828.03654 00828.03655 00829.03655 00828.03568 00828.03569 00829.03569 00828.04342 00828.04343 00829.04343 00828.04256 00828.04257 00829.04257
gt150f 0 00008.01246 00008.01247 00009.01247 00008.01160 00008.01161 00009.01161 00828.01848 00828.01849 00829.01849 00828.01762 00828.01763 00829.01763 00828.02536 00828.02537 00829.02537 00828.02450 00828.02451 00829.02451
gt150f 1 00008.03138 00008.03139 00009.03139 00008.03052 00008.03053 00009.03053 00008.03568 00008.03569 00009.03569 00008.03482 00008.03483 00009.03483 00008.04170 00008.04171 00009.04171 00008.04084 00008.04085 00009.04085
gt150f 2 00008.04772 00008.04773 00009.04773 00008.04686 00008.04687 00009.04687 00828.05374 00828.05375 00829.05375 00828.05288 00828.05289 00829.05289 00828.06062 00828.06063 00829.06063 00828.05976 00828.05977 00829.05977
gt300f 0 00008.05460 00008.05461 00009.05461 00008.05374 00008.05375 00009.05375 00828.06062 00828.06063 00829.06063 00828.05976 00828.05977 00829.05977 00828.06750 00828.06751 00829.06751 00828.06664 00828.06665 00829.06665
gt300f 1 00008.07352 00008.07353 00009.07353 00008.07266 00008.07267 00009.07267 00008.07954 00008.07955 00009.07955 00008.07868 00008.07869 00009.07869 00008.08642 00008.08643 00009.08643 00008.08556 00008.08557 00009.08557
gt300f 2 00008.01848 00008.01849 00009.01849 00008.01762 00008.01763 00009.01763 00828.02450 00828.02451 00829.02451 00828.02364 00828.02365 00829.02365 00828.03138 00828.03139 00829.03139 00828.03052 00828.03053 00829.03053
gt300f 3 00008.03740 00008.03741 00009.03741 00008.03654 00008.03655 00009.03655 00008.04342 00008.04343 00009.04343 00008.04256 00008.04257 00009.04257 00008.05030 00008.05031 00009.05031 00008.04944 00008.04945 00009.04945
sx50f  0 00008.01160 00008.01161 00009.01161 00008.01074 00008.01075 00009.01075 00828.01762 00828.01763 00829.01763 00828.01676 00828.01677 00829.01677 00828.02450 00828.02451 00829.02451 00828.02364 00828.02365 00829.02365
sx50f  1 00008.03052 00008.03053 00009.03053 00008.02966 00008.02967 00009.02967 00828.03654 00828.03655 00829.03655 00828.03568 00828.03569 00829.03569 00828.04342 00828.04343 00829.04343 00828.04256 00828.04257 00829.04257
sx120f 0 00008.01246 00008.01247 00009.01247 00008.01160 00008.01161 00009.01161 00828.01848 00828.01849 00829.01849 00828.01762 00828.01763 00829.01763 00828.02536 00828.02537 00829.02537 00828.02450 00828.02451 00829.02451
sx120f 1 00008.03138 00008.03139 00009.03139 00008.03052 00008.03053 00009.03053 00008.03568 00008.03569 00009.03569 00008.03482 00008.03483 00009.03483 00008.04170 00008.04171 00009.04171 00008.04084 00008.04085 00009.04085
sx120f 2 00008.04772 00008.04773 00009.04773 00008.04686 00008.04687 00009.04687 00828.05374 00828.05375 00829.05375 00828.05288 00828.05289 00829.05289 00828.06062 00828.06063 00829.06063 00828.05976 00828.05977 00829.05977
