01474.00082
02779.00082
02781.00082
04795.00082
04797.00082
06866.00082
01474.00087
02779.00087
02781.00087
04795.00087
04797.00087
06866.00087
06866.03132
06866.03137
04796.03186
04798.03186
06865.03186
06867.03186
04796.03190
04798.03190
06865.03190
06867.03190
04796.03194
04798.03194
06865.03194
06867.03194
04796.03198
04798.03198
06865.03198
06867.03198
04796.03210
04798.03210
06865.03210
06867.03210
04796.03214
04798.03214
06865.03214
06867.03214
06864.03218
06866.03218
06864.03223
06866.03223
04796.03240
04798.03240
06865.03240
06867.03240
04796.03244
04798.03244
06865.03244
06867.03244
04796.03256
04798.03256
06865.03256
06867.03256
04796.03260
04798.03260
06865.03260
06867.03260
04796.03264
04798.03264
06865.03264
06867.03264
04796.03268
04798.03268
06865.03268
06867.03268
01474.07018
02779.07018
02781.07018
01474.07023
02779.07023
02781.07023
